instance_name algorithm_name iter_idx best_objective violate_value
L1-DU500-P10-T0.1 Ritt_result 0 32677.26780185161 0
nb_riders nb_polygons
10 500
rider 0 = {2, 131, 390, 391, 10, 266, 141, 17, 19, 405, 406, 281, 27, 418, 298, 173, 304, 50, 308, 181, 313, 314, 192, 448, 66, 323, 78, 462, 81, 210, 341, 342, 87, 472, 347, 220, 222, 95, 248, 351, 483, 229, 103, 233, 237, 499, 372, 120, 381, 126}
best_rider_2_centroid best_rider_2_obj best_rider_2_radius best_rider_2_act_1 best_rider_2_act_2 best_rider_2_act_3 best_rider_2_area
19 3541.0050439859247 3541.0050439859247 137.89066328013408 335.8725089125702 0.0 0 0.0
rider 1 = {387, 6, 263, 267, 268, 397, 143, 274, 148, 150, 409, 284, 32, 162, 290, 294, 39, 295, 43, 174, 302, 48, 433, 434, 184, 62, 321, 74, 205, 337, 469, 343, 345, 92, 349, 350, 477, 225, 482, 355, 484, 357, 487, 236, 238, 498, 243, 249}
best_rider_2_centroid best_rider_2_obj best_rider_2_radius best_rider_2_act_1 best_rider_2_act_2 best_rider_2_act_3 best_rider_2_area
487 3287.6869402547545 3287.6869402547545 135.47565322553154 333.8303187504715 0.0 0 0.0
rider 2 = {128, 386, 134, 11, 139, 18, 402, 154, 282, 410, 29, 285, 291, 36, 419, 422, 40, 172, 45, 301, 431, 311, 446, 320, 324, 325, 326, 453, 456, 202, 460, 335, 209, 213, 215, 473, 475, 93, 479, 98, 356, 489, 108, 109, 493, 111, 371, 116, 117, 118, 122, 255}
best_rider_2_centroid best_rider_2_obj best_rider_2_radius best_rider_2_act_1 best_rider_2_act_2 best_rider_2_act_3 best_rider_2_area
493 3421.671337599428 3421.671337599428 132.24583877608748 338.2318892916367 0.0 0 0.0
rider 3 = {259, 5, 136, 140, 15, 144, 147, 24, 411, 412, 30, 416, 163, 165, 167, 423, 424, 44, 429, 307, 53, 310, 316, 189, 447, 193, 451, 72, 328, 458, 75, 76, 336, 468, 214, 88, 94, 375, 480, 99, 101, 104, 105, 234, 360, 364, 366, 242, 115, 119, 123}
best_rider_2_centroid best_rider_2_obj best_rider_2_radius best_rider_2_act_1 best_rider_2_act_2 best_rider_2_act_3 best_rider_2_area
30 2825.1067881146623 2825.1067881146623 140.1262265705393 330.69078124903973 0.0 0 0.0
rider 4 = {256, 130, 9, 137, 13, 272, 273, 276, 149, 404, 153, 157, 35, 37, 169, 426, 303, 177, 436, 54, 440, 185, 444, 61, 190, 317, 445, 449, 194, 67, 195, 69, 71, 327, 455, 79, 207, 83, 212, 340, 86, 344, 90, 348, 228, 240, 113, 245, 250, 253, 383}
best_rider_2_centroid best_rider_2_obj best_rider_2_radius best_rider_2_act_1 best_rider_2_act_2 best_rider_2_act_3 best_rider_2_area
195 3563.9323671352704 3563.9323671352704 138.06510607803 331.64321309415266 0.0 0 0.0
rider 5 = {1, 257, 388, 392, 398, 146, 152, 155, 159, 289, 164, 292, 421, 296, 42, 428, 46, 47, 305, 180, 57, 441, 187, 188, 65, 68, 196, 454, 457, 330, 332, 77, 465, 84, 85, 471, 474, 91, 476, 478, 353, 481, 486, 359, 495, 247, 378, 124}
best_rider_2_centroid best_rider_2_obj best_rider_2_radius best_rider_2_act_1 best_rider_2_act_2 best_rider_2_act_3 best_rider_2_area
421 2929.5552512043637 2929.5552512043637 134.27000944368916 343.8281614609576 0.0 0 0.0
rider 6 = {4, 133, 393, 138, 270, 271, 400, 277, 151, 408, 156, 413, 286, 414, 160, 161, 288, 297, 170, 299, 52, 309, 437, 56, 186, 58, 191, 322, 452, 200, 73, 203, 206, 334, 466, 216, 89, 221, 97, 226, 354, 231, 488, 106, 494, 239, 241, 114, 370, 497, 373, 246, 377, 251, 382}
best_rider_2_centroid best_rider_2_obj best_rider_2_radius best_rider_2_act_1 best_rider_2_act_2 best_rider_2_act_3 best_rider_2_area
413 3983.9172737956756 3983.9172737956756 141.6920404235689 332.8360565258241 0.0 0 0.0
rider 7 = {129, 385, 260, 262, 7, 135, 265, 12, 399, 21, 23, 280, 28, 293, 166, 168, 171, 175, 176, 438, 55, 64, 198, 199, 329, 331, 204, 463, 80, 338, 211, 380, 218, 224, 352, 100, 230, 107, 491, 110, 244, 376, 379, 252, 254}
best_rider_2_centroid best_rider_2_obj best_rider_2_radius best_rider_2_act_1 best_rider_2_act_2 best_rider_2_act_3 best_rider_2_area
204 2441.4897246605397 2441.4897246605397 133.46945201911652 334.8338351446862 0.0 0 0.0
rider 8 = {258, 3, 132, 261, 389, 394, 145, 401, 275, 279, 407, 25, 31, 34, 38, 427, 300, 430, 178, 51, 306, 435, 182, 183, 312, 439, 442, 443, 60, 318, 197, 70, 208, 464, 82, 217, 219, 96, 227, 485, 102, 361, 362, 235, 363, 490, 367, 369, 121, 127}
best_rider_2_centroid best_rider_2_obj best_rider_2_radius best_rider_2_act_1 best_rider_2_act_2 best_rider_2_act_3 best_rider_2_area
82 3137.3401980064937 3137.3401980064937 137.9452486387077 329.6993054685263 0.0 0 0.0
rider 9 = {0, 384, 8, 264, 395, 396, 269, 14, 142, 16, 403, 20, 22, 278, 26, 283, 158, 287, 415, 33, 417, 420, 41, 425, 432, 49, 179, 59, 315, 63, 319, 450, 201, 459, 333, 461, 339, 467, 470, 346, 223, 358, 232, 492, 365, 112, 368, 496, 374, 125}
best_rider_2_centroid best_rider_2_obj best_rider_2_radius best_rider_2_act_1 best_rider_2_act_2 best_rider_2_act_3 best_rider_2_area
319 3545.5628770944973 3545.5628770944973 138.59476817643787 323.06033533180283 0.0 0 0.0
