- Finished, results:
Instance: "L1-DU500-P20-0"
Replications: 46
Num. feasible: 0
Time: 3600.007
Balance: 20.69 (avg: 21.11, sdev: 0.17, max: 21.50)
Diameter: 551.49 (avg: 431.47, sdev: 83.00, min: 260.31, max: 601.39), ttb: 2702.312, times reached: 1
P-center: 400.18 (avg: 308.53, sdev: 80.65, min: 172.73, max: 493.64), ttb: 2702.312, times reached: 1
P-median: 23621.42 (avg: 23451.18, sdev: 431.77, min: 22456.93, max: 24650.10), ttb: 2702.312, times reached: 1
Seed: 70979066
Execution hash: 702733

- Statistics: 
num.alt - sum: 0, occ.: 46, avg.: 0, min.: 0, max.: 2.22507e-308
time.bal - sum: 3377.48, occ.: 46, avg.: 73.4234, min.: 19.832, max.: 87.6035
bs.steps - sum: 679, occ.: 46, avg.: 14.7609, min.: 4, max.: 15
time.cmp - sum: 216.048, occ.: 46, avg.: 4.6967, min.: 4.21662, max.: 6.98286
time.cns - sum: 6.44835, occ.: 920, avg.: 0.00700908, min.: 0.00659925, max.: 0.00832012

==============================
| Timed blocks:              |
| improve_bal: 3377.48       |
| bal.shifts: 1117.25        |
| get_shift_cmp_inc: 544.203 |
| improve_cmp: 216.048       |
| bal_cost_shift: 104.754    |
| dis_bfs: 0.00704546        |
==============================

summary_line instance=L1-DU500-P20-0 n=500 p=20 obj=pmed t=3600.01 t_bal=3377.48 t_cmp=216.048 t_cns=6.44835 bal=20.6874 diam=551.494 pcen=400.181 pmed=23621.4 avg_diam=431.472 avg_pcen=308.527 avg_pmed=23451.2 avg_cons_cmp=23451.2 ttb_diam=2702.31 ttb_pcen=2702.31 ttb_pmed=2702.31 count_diam=1 count_pcen=1 count_pmed=1 iter=46 num_feas=0 alt=0 bs_steps=679 shifts=421520 swaps=0 pcen_case_1=0 pcen_case_2=0 pcen_case_3=0 seed=70979066 hash=1505233399692702733 


Best solution:
5 18 7 8 11 18 15 12 10 11 15 9 6 1 3 8 6 12 1 5 11 17 17 17 19 11 18 0 17 9 11 2 2 19 8 13 19 11 4 15 3 9 5 7 1 16 19 3 5 2 18 15 0 6 16 16 12 8 19 12 5 1 5 14 4 16 15 2 17 13 7 19 13 1 13 11 2 13 5 6 0 0 10 12 0 7 14 4 13 5 15 3 3 3 4 15 1 18 14 1 1 8 6 7 5 10 9 17 2 4 17 18 2 17 14 0 9 13 12 3 7 15 14 13 9 11 3 4 15 11 1 13 17 17 12 0 5 2 2 7 1 18 16 9 9 18 11 7 1 1 12 0 14 16 6 14 12 14 11 16 10 12 11 10 3 7 13 7 1 17 8 9 5 19 7 3 9 18 12 13 9 5 19 16 5 18 7 7 16 19 1 8 6 14 10 6 14 15 7 0 11 13 10 19 16 0 5 17 0 6 5 18 7 6 8 19 2 8 3 0 11 16 14 4 10 3 16 10 19 6 8 1 18 13 8 3 5 14 2 17 0 8 10 4 17 16 14 9 8 18 19 17 19 11 10 1 8 17 13 2 13 0 14 9 6 11 6 11 0 6 10 11 12 8 15 0 19 16 16 2 0 4 4 2 8 9 4 16 10 8 19 6 0 19 7 12 15 7 0 5 6 15 2 10 9 1 17 8 6 9 7 3 14 4 14 18 0 0 16 12 0 6 9 12 5 9 6 4 2 3 13 18 2 15 6 8 13 18 18 14 2 15 12 17 13 3 12 16 15 17 18 17 14 14 18 14 15 1 10 1 17 11 16 8 4 5 15 8 13 5 13 16 10 3 3 18 9 5 19 8 2 11 11 15 0 18 17 11 6 13 6 10 10 13 3 14 9 4 12 18 10 8 15 5 6 5 12 3 16 19 0 4 18 18 11 7 9 4 18 2 3 15 18 12 10 6 9 3 2 5 19 12 8 4 16 12 12 13 3 7 5 10 2 15 2 19 6 18 1 8 14 13 4 17 12 9 8 19 9 1 9 4 11 13 1 15 3 4 14 2 7 6 16 5 3 13 16 12 19 4 0 3 10 4 17 7 16 14 4 1 10 4 19 17 17 11 16 8 9 18 
P-median centers:
240 255 108 126 109 377 425 70 307 143 242 414 431 166 246 341 496 107 5 203 