- Finished, results:
Instance: "L1-DU500-P50-0"
Replications: 27
Num. feasible: 0
Time: 3600.004
Balance: 54.42 (avg: 55.21, sdev: 0.43, max: 56.07)
Diameter: 338.62 (avg: 383.42, sdev: 73.33, min: 252.46, max: 497.62), ttb: 2301.979, times reached: 1
P-center: 268.32 (avg: 302.59, sdev: 70.88, min: 182.80, max: 456.62), ttb: 2301.979, times reached: 1
P-median: 15260.28 (avg: 15348.99, sdev: 269.95, min: 14763.82, max: 15809.57), ttb: 2301.979, times reached: 1
Seed: 993813296
Execution hash: 133659

- Statistics: 
num.alt - sum: 0, occ.: 27, avg.: 0, min.: 0, max.: 2.22507e-308
time.bal - sum: 3268.34, occ.: 27, avg.: 121.05, min.: 92.7474, max.: 143.464
bs.steps - sum: 374, occ.: 27, avg.: 13.8519, min.: 10, max.: 14
time.cmp - sum: 321.047, occ.: 27, avg.: 11.8906, min.: 7.82376, max.: 21.2455
time.cns - sum: 10.5712, occ.: 1350, avg.: 0.0078305, min.: 0.00727654, max.: 0.0104982

==============================
| Timed blocks:              |
| improve_bal: 3268.34       |
| bal.shifts: 1505.68        |
| get_shift_cmp_inc: 676.824 |
| improve_cmp: 321.047       |
| bal_cost_shift: 89.7413    |
| dis_bfs: 0.00349782        |
==============================

summary_line instance=L1-DU500-P50-0 n=500 p=50 obj=pmed t=3600 t_bal=3268.34 t_cmp=321.047 t_cns=10.5712 bal=54.4239 diam=338.619 pcen=268.325 pmed=15260.3 avg_diam=383.417 avg_pcen=302.595 avg_pmed=15349 avg_cons_cmp=15349 ttb_diam=2301.98 ttb_pcen=2301.98 ttb_pmed=2301.98 count_diam=1 count_pcen=1 count_pmed=1 iter=27 num_feas=0 alt=0 bs_steps=374 shifts=280510 swaps=0 pcen_case_1=0 pcen_case_2=0 pcen_case_3=0 seed=993813296 hash=15817966441485133659 


Best solution:
48 32 5 3 31 42 47 27 3 20 30 0 36 28 17 40 26 46 0 29 44 47 4 33 34 16 26 33 46 21 3 30 26 11 44 19 14 43 20 2 34 8 40 15 33 30 13 20 23 45 23 7 43 35 32 10 32 8 14 17 40 5 27 34 10 13 15 37 22 26 26 42 48 42 17 38 28 24 30 8 21 41 9 30 18 38 4 37 18 41 4 9 18 35 40 10 2 47 14 31 20 27 14 21 29 19 0 19 49 38 46 20 3 15 9 1 0 10 12 31 18 19 39 20 25 42 16 6 14 13 42 35 21 5 6 14 16 41 40 49 30 26 16 23 33 31 7 46 45 4 10 35 31 8 46 46 45 46 37 2 10 38 15 18 39 48 6 10 39 1 43 32 25 36 46 7 25 20 30 18 46 29 29 41 48 24 10 38 37 28 12 43 16 9 48 22 24 7 16 17 41 44 28 34 37 11 35 33 49 30 12 2 42 47 3 1 9 3 47 14 9 35 28 41 44 11 22 29 24 49 6 46 22 25 44 7 42 48 22 9 20 4 11 12 39 2 1 21 13 27 32 27 42 37 36 22 19 15 45 26 18 4 24 44 27 36 34 34 9 27 7 47 16 13 19 7 1 16 38 37 6 17 20 22 29 38 2 27 39 43 36 6 45 11 23 34 8 32 37 5 14 3 23 1 24 15 11 14 4 32 21 38 4 11 2 41 24 49 6 6 14 18 49 49 4 8 49 35 48 45 11 39 17 7 10 33 36 42 35 40 44 35 11 1 10 36 41 46 12 49 45 26 42 0 29 47 40 3 8 12 29 46 43 20 29 9 39 47 48 8 36 17 44 31 11 14 38 21 45 12 44 28 23 36 16 37 32 5 11 17 15 39 27 31 43 24 45 45 32 19 23 24 44 23 19 5 48 12 28 18 23 31 2 6 40 6 7 28 5 28 7 23 28 19 25 27 9 3 13 40 38 20 18 15 0 2 30 48 49 29 45 21 35 22 0 41 1 22 25 40 44 25 43 39 12 16 1 25 15 2 27 19 0 0 41 8 13 26 7 21 47 18 28 14 5 24 34 39 5 15 1 33 43 23 32 22 8 37 43 41 8 33 25 36 26 18 13 34 4 5 
P-median centers:
18 446 211 30 261 61 291 416 465 365 150 388 243 466 128 479 277 59 495 256 100 469 255 143 316 424 26 264 381 104 31 411 309 23 497 327 265 188 109 366 60 223 212 170 20 397 157 470 406 229 