instance_name algorithm_name iter_idx best_objective violate_value
L1-DU500-P10 -local_search_repaired- 7 77316.88489830859 0
nb_riders nb_polygons
10 500
rider 0 = {2, 3, 259, 390, 269, 150, 279, 280, 281, 152, 172, 429, 304, 50, 307, 436, 180, 59, 188, 318, 319, 450, 194, 325, 70, 197, 458, 332, 333, 76, 205, 462, 465, 466, 216, 475, 95, 355, 483, 362, 250, 366, 494, 368, 120, 377, 378, 252, 125}
best_rider_2_centroid best_rider_2_obj best_rider_2_radius best_rider_2_act_1 best_rider_2_act_2 best_rider_2_act_3 best_rider_2_area
2 9059.533860199115 9059.533860199115 137.6040366032946 327.6367572783559 0.0 0 0.0
rider 1 = {256, 263, 137, 267, 268, 272, 401, 153, 409, 283, 291, 37, 294, 165, 423, 167, 426, 301, 311, 312, 186, 445, 64, 449, 322, 327, 206, 79, 336, 338, 467, 469, 348, 253, 99, 356, 227, 228, 359, 484, 493, 238, 367, 240, 113, 499, 372, 249, 379, 381}
best_rider_2_centroid best_rider_2_obj best_rider_2_radius best_rider_2_act_1 best_rider_2_act_2 best_rider_2_act_3 best_rider_2_area
272 7772.635701678488 7772.635701678488 137.75649734537186 332.31861188703397 0.0 0 0.0
rider 2 = {257, 130, 131, 133, 139, 398, 271, 400, 18, 276, 149, 151, 288, 289, 160, 164, 170, 299, 46, 53, 309, 181, 56, 441, 58, 446, 191, 323, 196, 455, 456, 73, 200, 202, 77, 461, 464, 85, 215, 89, 90, 226, 229, 103, 104, 231, 488, 363, 490, 111, 496, 241, 114, 117, 375, 255}
best_rider_2_centroid best_rider_2_obj best_rider_2_radius best_rider_2_act_1 best_rider_2_act_2 best_rider_2_act_3 best_rider_2_area
241 9412.024799273204 9412.024799273204 140.0832759566128 346.0291285594675 0.0 0 0.0
rider 3 = {387, 5, 6, 135, 395, 12, 13, 15, 399, 17, 147, 148, 21, 412, 286, 290, 162, 39, 295, 168, 425, 44, 302, 175, 48, 176, 434, 179, 178, 185, 442, 193, 329, 74, 331, 208, 468, 86, 92, 349, 93, 480, 232, 234, 236, 242, 115, 245, 246, 254, 126}
best_rider_2_centroid best_rider_2_obj best_rider_2_radius best_rider_2_act_1 best_rider_2_act_2 best_rider_2_act_3 best_rider_2_area
175 6962.368835545235 6962.368835545235 135.8013405889953 331.7376441695932 0.0 0 0.0
rider 4 = {128, 258, 4, 132, 389, 11, 145, 402, 275, 404, 154, 29, 31, 32, 161, 419, 420, 422, 40, 297, 427, 300, 430, 303, 174, 51, 52, 440, 184, 444, 195, 324, 71, 460, 335, 209, 82, 471, 218, 347, 479, 96, 101, 486, 361, 495, 112, 244, 121, 122, 383}
best_rider_2_centroid best_rider_2_obj best_rider_2_radius best_rider_2_act_1 best_rider_2_act_2 best_rider_2_act_3 best_rider_2_area
430 7556.012710306526 7556.012710306526 141.14074763581377 349.2088110291501 0.0 0 0.0
rider 5 = {384, 7, 264, 392, 14, 16, 403, 20, 278, 24, 27, 155, 156, 30, 287, 414, 33, 417, 424, 41, 171, 49, 310, 313, 315, 187, 189, 66, 451, 454, 201, 457, 81, 342, 470, 220, 478, 351, 224, 225, 357, 358, 360, 105, 106, 107, 235, 237, 116, 119, 380}
best_rider_2_centroid best_rider_2_obj best_rider_2_radius best_rider_2_act_1 best_rider_2_act_2 best_rider_2_act_3 best_rider_2_area
417 6816.595370079612 6816.595370079612 137.38922423753596 338.7034343276179 0.0 0 0.0
rider 6 = {129, 261, 265, 140, 397, 396, 143, 405, 22, 411, 28, 284, 157, 416, 163, 293, 428, 433, 443, 316, 62, 447, 453, 326, 199, 328, 72, 459, 337, 339, 83, 87, 344, 345, 346, 88, 477, 350, 223, 352, 222, 485, 230, 487, 492, 369}
best_rider_2_centroid best_rider_2_obj best_rider_2_radius best_rider_2_act_1 best_rider_2_act_2 best_rider_2_act_3 best_rider_2_area
129 7134.214589896254 7134.214589896254 131.66805600371322 331.9544615100009 0.0 0 0.0
rider 7 = {262, 266, 394, 273, 274, 407, 408, 25, 285, 413, 34, 35, 166, 43, 431, 306, 435, 54, 61, 317, 190, 448, 321, 67, 69, 198, 207, 80, 463, 210, 212, 341, 213, 214, 217, 221, 94, 353, 98, 100, 489, 108, 498, 248, 123, 127}
best_rider_2_centroid best_rider_2_obj best_rider_2_radius best_rider_2_act_1 best_rider_2_act_2 best_rider_2_act_3 best_rider_2_area
317 7567.761057327428 7567.761057327428 137.23739083073366 320.0177556089241 0.0 0 0.0
rider 8 = {0, 1, 388, 8, 10, 138, 141, 142, 146, 277, 26, 158, 159, 415, 418, 292, 421, 296, 42, 47, 432, 305, 177, 308, 437, 438, 55, 183, 57, 63, 65, 68, 330, 203, 334, 340, 84, 474, 91, 219, 476, 247, 481, 354, 497, 243, 373, 374, 118, 251, 382}
best_rider_2_centroid best_rider_2_obj best_rider_2_radius best_rider_2_act_1 best_rider_2_act_2 best_rider_2_act_3 best_rider_2_area
481 6859.11674751939 6859.11674751939 135.36840590903572 336.76780278335366 0.0 0 0.0
rider 9 = {385, 386, 260, 134, 391, 136, 9, 393, 270, 144, 19, 406, 23, 282, 410, 36, 38, 169, 298, 45, 173, 182, 439, 314, 60, 320, 192, 452, 75, 204, 78, 211, 343, 472, 473, 97, 482, 102, 233, 491, 364, 109, 365, 110, 239, 370, 371, 376, 124}
best_rider_2_centroid best_rider_2_obj best_rider_2_radius best_rider_2_act_1 best_rider_2_act_2 best_rider_2_act_3 best_rider_2_area
298 8176.621226483341 8176.621226483341 135.7260315207359 320.1519980761705 0.0 0 0.0
