instance_name algorithm_name iter_idx best_objective violate_value
L1-DU500-P10 -local_search_repaired- 4 92106.1971650634 0
nb_riders nb_polygons
10 500
rider 0 = {128, 389, 143, 400, 145, 276, 150, 282, 414, 415, 32, 161, 294, 166, 174, 177, 437, 181, 183, 440, 187, 191, 194, 67, 70, 201, 459, 334, 335, 78, 465, 82, 84, 254, 90, 93, 222, 97, 102, 362, 237, 495, 240, 114, 115, 118, 374, 249, 250, 126, 255}
best_rider_2_centroid best_rider_2_obj best_rider_2_radius best_rider_2_act_1 best_rider_2_act_2 best_rider_2_act_3 best_rider_2_area
177 9200.889090478078 9200.889090478078 138.86672299941654 345.56551753884753 0.0 0 0.0
rider 1 = {129, 385, 4, 391, 264, 10, 14, 273, 402, 148, 22, 281, 25, 409, 284, 158, 287, 289, 40, 297, 298, 43, 429, 307, 442, 317, 319, 453, 73, 331, 332, 461, 85, 342, 87, 344, 341, 347, 476, 220, 224, 353, 485, 488, 365, 238, 367, 242, 373, 246, 119, 120, 252}
best_rider_2_centroid best_rider_2_obj best_rider_2_radius best_rider_2_act_1 best_rider_2_act_2 best_rider_2_act_3 best_rider_2_area
347 9002.445768751728 9002.445768751728 141.28136499741376 348.2364584163017 0.0 0 0.0
rider 2 = {0, 5, 7, 135, 392, 267, 140, 16, 17, 147, 149, 279, 408, 39, 169, 46, 175, 304, 52, 312, 56, 184, 443, 446, 68, 199, 72, 457, 330, 203, 76, 462, 207, 338, 211, 340, 89, 475, 481, 355, 483, 360, 105, 363, 108, 107, 364, 235, 494, 241, 497, 117, 121, 123, 380}
best_rider_2_centroid best_rider_2_obj best_rider_2_radius best_rider_2_act_1 best_rider_2_act_2 best_rider_2_act_3 best_rider_2_area
7 10589.713768947693 10589.713768947693 143.41382821594698 343.57179736330187 0.0 0 0.0
rider 3 = {261, 133, 263, 9, 139, 141, 31, 160, 162, 291, 420, 41, 173, 303, 47, 48, 438, 439, 186, 316, 61, 318, 63, 189, 322, 198, 456, 329, 460, 204, 206, 80, 337, 208, 212, 213, 470, 216, 477, 478, 221, 96, 479, 110, 371, 372, 253, 122, 251, 381}
best_rider_2_centroid best_rider_2_obj best_rider_2_radius best_rider_2_act_1 best_rider_2_act_2 best_rider_2_act_3 best_rider_2_area
212 8693.696276605951 8693.696276605951 131.6521903348978 344.28073725345996 0.0 0 0.0
rider 4 = {386, 3, 387, 132, 6, 134, 393, 394, 11, 12, 137, 270, 142, 18, 275, 410, 27, 30, 286, 419, 37, 167, 426, 300, 176, 313, 58, 188, 64, 321, 320, 195, 197, 71, 75, 463, 464, 339, 469, 471, 217, 473, 94, 351, 223, 227, 486, 231, 492, 239, 377}
best_rider_2_centroid best_rider_2_obj best_rider_2_radius best_rider_2_act_1 best_rider_2_act_2 best_rider_2_act_3 best_rider_2_area
426 9560.063546718833 9560.063546718833 133.24048676146862 334.8503277899508 0.0 0 0.0
rider 5 = {384, 1, 260, 8, 399, 403, 20, 152, 283, 411, 412, 159, 417, 163, 168, 430, 50, 308, 53, 436, 55, 185, 315, 62, 326, 202, 79, 474, 348, 480, 356, 484, 230, 359, 103, 232, 490, 366, 368, 369, 496, 243, 244, 375, 376, 378, 124}
best_rider_2_centroid best_rider_2_obj best_rider_2_radius best_rider_2_act_1 best_rider_2_act_2 best_rider_2_act_3 best_rider_2_area
399 8160.520593423984 8160.520593423984 133.97895707074932 323.3742326430608 0.0 0 0.0
rider 6 = {256, 266, 396, 397, 271, 401, 21, 23, 407, 26, 154, 285, 295, 427, 172, 49, 306, 434, 179, 180, 54, 310, 314, 60, 193, 66, 449, 324, 451, 328, 333, 205, 210, 472, 345, 352, 99, 361, 489, 233, 234, 109, 113, 379, 382}
best_rider_2_centroid best_rider_2_obj best_rider_2_radius best_rider_2_act_1 best_rider_2_act_2 best_rider_2_act_3 best_rider_2_area
266 8866.721619346956 8866.721619346956 135.92778092718945 317.2947286990376 0.0 0 0.0
rider 7 = {130, 259, 262, 136, 395, 268, 13, 398, 15, 404, 151, 155, 28, 288, 33, 292, 164, 38, 422, 170, 182, 311, 441, 445, 196, 454, 327, 200, 458, 83, 86, 343, 215, 346, 218, 219, 349, 350, 225, 354, 226, 228, 357, 487, 104, 491, 112, 370, 498, 247}
best_rider_2_centroid best_rider_2_obj best_rider_2_radius best_rider_2_act_1 best_rider_2_act_2 best_rider_2_act_3 best_rider_2_area
228 9729.804120827417 9729.804120827417 140.38536557831668 321.7839254255321 0.0 0 0.0
rider 8 = {257, 258, 269, 274, 19, 405, 406, 280, 24, 29, 413, 157, 416, 34, 35, 36, 421, 423, 171, 44, 45, 301, 305, 433, 178, 435, 309, 444, 190, 447, 192, 65, 450, 323, 452, 69, 325, 455, 74, 336, 466, 467, 98, 482, 101, 111, 499, 245, 127, 383}
best_rider_2_centroid best_rider_2_obj best_rider_2_radius best_rider_2_act_1 best_rider_2_act_2 best_rider_2_act_3 best_rider_2_area
383 9824.877804610895 9824.877804610895 133.6522972613747 327.16444952980737 0.0 0 0.0
rider 9 = {2, 131, 388, 390, 265, 138, 272, 144, 146, 277, 278, 153, 156, 290, 418, 293, 165, 296, 424, 42, 299, 425, 428, 302, 431, 432, 51, 57, 59, 448, 77, 81, 209, 468, 214, 88, 91, 92, 95, 100, 229, 358, 106, 236, 493, 116, 248, 125}
best_rider_2_centroid best_rider_2_obj best_rider_2_radius best_rider_2_act_1 best_rider_2_act_2 best_rider_2_act_3 best_rider_2_area
390 8477.464575351854 8477.464575351854 137.37601248506877 328.4042305703678 0.0 0 0.0
