instance_name algorithm_name iter_idx best_objective violate_value
L1-DU500-P10 -local_search_repaired- 2 88655.66159363213 0
nb_riders nb_polygons
10 500
rider 0 = {128, 11, 399, 281, 409, 153, 284, 157, 161, 418, 419, 38, 46, 303, 431, 51, 54, 184, 444, 61, 446, 319, 64, 63, 194, 325, 453, 455, 335, 336, 80, 81, 467, 342, 471, 472, 90, 476, 224, 226, 483, 485, 358, 486, 231, 361, 233, 490, 250, 495, 370, 117, 118, 121, 378, 382}
best_rider_2_centroid best_rider_2_obj best_rider_2_radius best_rider_2_act_1 best_rider_2_act_2 best_rider_2_act_3 best_rider_2_area
233 9745.018136967405 9745.018136967405 133.67186332317263 347.72145647265967 0.0 0 0.0
rider 1 = {260, 389, 265, 137, 272, 18, 274, 27, 28, 420, 294, 295, 39, 422, 170, 43, 48, 305, 434, 182, 312, 317, 329, 460, 461, 205, 464, 341, 469, 89, 217, 347, 92, 218, 352, 481, 99, 105, 492, 493, 238, 113, 371, 243, 373, 244, 126}
best_rider_2_centroid best_rider_2_obj best_rider_2_radius best_rider_2_act_1 best_rider_2_act_2 best_rider_2_act_3 best_rider_2_area
272 8131.707509012511 8131.707509012511 134.28816934668947 333.87913569752334 0.0 0 0.0
rider 2 = {384, 131, 391, 264, 392, 393, 138, 400, 277, 150, 155, 156, 159, 162, 292, 421, 429, 174, 304, 179, 180, 309, 310, 55, 445, 195, 196, 201, 332, 77, 462, 79, 83, 84, 468, 91, 475, 220, 94, 482, 229, 359, 232, 109, 112, 374, 376, 254, 127}
best_rider_2_centroid best_rider_2_obj best_rider_2_radius best_rider_2_act_1 best_rider_2_act_2 best_rider_2_act_3 best_rider_2_area
391 8894.726602736599 8894.726602736599 137.4855732715151 334.8539253182779 0.0 0 0.0
rider 3 = {385, 259, 5, 263, 135, 136, 140, 17, 405, 23, 411, 286, 31, 288, 33, 35, 36, 165, 166, 167, 300, 44, 428, 176, 437, 56, 442, 443, 318, 190, 320, 448, 193, 209, 338, 470, 346, 219, 349, 350, 221, 228, 102, 106, 107, 364, 234, 366, 237, 368, 240, 247, 125}
best_rider_2_centroid best_rider_2_obj best_rider_2_radius best_rider_2_act_1 best_rider_2_act_2 best_rider_2_act_3 best_rider_2_area
385 9264.980858060151 9264.980858060151 141.84122551753765 332.34531871032925 0.0 0 0.0
rider 4 = {2, 387, 390, 268, 143, 144, 403, 20, 21, 278, 147, 24, 407, 283, 412, 30, 158, 416, 289, 424, 297, 173, 302, 432, 49, 307, 435, 311, 314, 316, 447, 454, 199, 74, 204, 78, 208, 465, 85, 88, 344, 473, 474, 353, 98, 225, 103, 489, 491, 369, 248, 380}
best_rider_2_centroid best_rider_2_obj best_rider_2_radius best_rider_2_act_1 best_rider_2_act_2 best_rider_2_act_3 best_rider_2_area
380 9556.357611253667 9556.357611253667 142.52766847565567 349.7209226671695 0.0 0 0.0
rider 5 = {129, 258, 130, 6, 262, 7, 9, 395, 12, 396, 14, 273, 22, 34, 423, 169, 298, 427, 183, 439, 313, 192, 65, 66, 68, 197, 71, 456, 200, 458, 459, 334, 211, 340, 345, 348, 351, 223, 355, 484, 360, 104, 498, 115, 119, 122, 379, 255}
best_rider_2_centroid best_rider_2_obj best_rider_2_radius best_rider_2_act_1 best_rider_2_act_2 best_rider_2_act_3 best_rider_2_area
7 8630.201616203985 8630.201616203985 130.46515976515096 323.7259250352318 0.0 0 0.0
rider 6 = {0, 257, 256, 388, 133, 134, 8, 394, 13, 25, 154, 410, 413, 290, 163, 37, 168, 426, 47, 175, 50, 178, 436, 53, 440, 186, 315, 450, 323, 67, 69, 72, 457, 202, 206, 463, 210, 214, 87, 477, 478, 96, 227, 357, 487, 110, 245, 375, 251, 383}
best_rider_2_centroid best_rider_2_obj best_rider_2_radius best_rider_2_act_1 best_rider_2_act_2 best_rider_2_act_3 best_rider_2_area
383 9211.609723154885 9211.609723154885 138.69365508721862 348.4738169459809 0.0 0 0.0
rider 7 = {3, 266, 142, 15, 16, 271, 280, 408, 287, 32, 415, 160, 417, 164, 40, 42, 430, 177, 306, 433, 438, 57, 58, 59, 185, 189, 191, 451, 324, 70, 328, 203, 333, 207, 82, 466, 212, 213, 343, 95, 480, 356, 363, 236, 365, 377, 381}
best_rider_2_centroid best_rider_2_obj best_rider_2_radius best_rider_2_act_1 best_rider_2_act_2 best_rider_2_act_3 best_rider_2_area
95 9168.714733324263 9168.714733324263 140.66617145381468 323.26270996116136 0.0 0 0.0
rider 8 = {1, 10, 269, 270, 397, 141, 146, 19, 279, 152, 26, 414, 293, 296, 41, 425, 299, 171, 301, 45, 308, 52, 187, 198, 331, 76, 215, 216, 100, 230, 362, 235, 494, 367, 496, 497, 114, 499, 372, 242, 246, 252, 120, 123, 124, 253}
best_rider_2_centroid best_rider_2_obj best_rider_2_radius best_rider_2_act_1 best_rider_2_act_2 best_rider_2_act_3 best_rider_2_area
19 7580.538741820929 7580.538741820929 136.93993783975398 323.01694022573247 0.0 0 0.0
rider 9 = {386, 4, 261, 132, 267, 139, 398, 401, 402, 275, 276, 145, 404, 149, 148, 151, 282, 406, 29, 285, 291, 172, 181, 441, 60, 188, 62, 321, 322, 449, 452, 326, 327, 73, 330, 75, 337, 339, 86, 93, 222, 479, 97, 354, 101, 488, 108, 111, 239, 241, 116, 249}
best_rider_2_centroid best_rider_2_obj best_rider_2_radius best_rider_2_act_1 best_rider_2_act_2 best_rider_2_act_3 best_rider_2_area
276 8471.80606109773 8471.80606109773 133.19558255133376 317.5262541956016 0.0 0 0.0
