instance_name algorithm_name iter_idx best_objective violate_value
L1-DU500-P10-T0.1 -local_search_repaired- 2 44635.66407866386 0
nb_riders nb_polygons
10 500
rider 0 = {128, 4, 133, 393, 270, 277, 151, 408, 156, 413, 288, 160, 161, 297, 170, 301, 431, 308, 52, 309, 437, 56, 441, 58, 186, 446, 65, 322, 452, 453, 454, 327, 456, 73, 330, 200, 77, 334, 206, 465, 209, 340, 87, 344, 89, 475, 97, 103, 231, 106, 109, 494, 111, 241, 370, 114, 373, 374, 120, 377, 251, 382}
best_rider_2_centroid best_rider_2_obj best_rider_2_radius best_rider_2_act_1 best_rider_2_act_2 best_rider_2_act_3 best_rider_2_area
413 6300.068498011891 6300.068498011891 149.8119359065462 366.23109273712663 0.0 0 0.0
rider 1 = {258, 3, 263, 9, 394, 267, 145, 150, 407, 409, 32, 34, 35, 294, 39, 43, 427, 430, 174, 306, 436, 54, 182, 312, 443, 317, 61, 318, 190, 321, 67, 69, 79, 207, 469, 219, 348, 96, 225, 482, 362, 490, 238, 240, 113, 243, 121}
best_rider_2_centroid best_rider_2_obj best_rider_2_radius best_rider_2_act_1 best_rider_2_act_2 best_rider_2_act_3 best_rider_2_area
362 3245.251463599315 3245.251463599315 140.79428913200996 305.8089577031718 0.0 0 0.0
rider 2 = {256, 129, 2, 385, 260, 387, 262, 6, 138, 271, 272, 17, 404, 21, 278, 23, 148, 286, 162, 166, 168, 426, 175, 48, 176, 433, 434, 181, 438, 55, 445, 62, 64, 72, 457, 204, 78, 463, 336, 81, 80, 212, 343, 360, 236, 237, 110, 244, 123, 126}
best_rider_2_centroid best_rider_2_obj best_rider_2_radius best_rider_2_act_1 best_rider_2_act_2 best_rider_2_act_3 best_rider_2_area
55 5230.849255060426 5230.849255060426 136.6353701824886 333.31299037133203 0.0 0 0.0
rider 3 = {0, 257, 388, 5, 264, 8, 395, 269, 144, 403, 26, 30, 158, 416, 163, 164, 167, 423, 429, 49, 180, 310, 59, 189, 63, 447, 193, 450, 451, 459, 76, 467, 468, 119, 88, 346, 94, 222, 223, 480, 99, 100, 101, 358, 359, 104, 105, 229, 232, 364, 365, 366, 496, 242, 115, 375, 379}
best_rider_2_centroid best_rider_2_obj best_rider_2_radius best_rider_2_act_1 best_rider_2_act_2 best_rider_2_act_3 best_rider_2_area
365 6009.095001254037 6009.095001254037 143.5600684985857 362.53358492408137 0.0 0 0.0
rider 4 = {132, 261, 389, 13, 401, 275, 276, 149, 279, 25, 282, 153, 31, 291, 38, 169, 300, 303, 177, 51, 435, 439, 440, 185, 442, 183, 449, 194, 195, 197, 70, 71, 326, 82, 83, 86, 215, 217, 90, 473, 227, 228, 489, 233, 363, 235, 369, 245, 246, 253, 381}
best_rider_2_centroid best_rider_2_obj best_rider_2_radius best_rider_2_act_1 best_rider_2_act_2 best_rider_2_act_3 best_rider_2_area
70 4058.397363675695 4058.397363675695 127.41903816431068 337.846335419805 0.0 0 0.0
rider 5 = {1, 392, 141, 398, 146, 406, 152, 155, 414, 159, 289, 418, 292, 421, 296, 42, 299, 46, 47, 305, 57, 187, 188, 191, 192, 323, 68, 196, 332, 461, 466, 84, 85, 342, 471, 474, 91, 476, 478, 353, 488, 495, 239, 497, 247, 248, 378, 124}
best_rider_2_centroid best_rider_2_obj best_rider_2_radius best_rider_2_act_1 best_rider_2_act_2 best_rider_2_act_3 best_rider_2_area
478 3883.5032238352296 3883.5032238352296 137.10130628432512 362.1763920244388 0.0 0 0.0
rider 6 = {259, 390, 7, 391, 10, 266, 16, 19, 280, 281, 27, 415, 33, 417, 171, 173, 304, 432, 50, 179, 53, 313, 314, 448, 66, 199, 328, 75, 333, 462, 338, 210, 211, 341, 470, 347, 220, 352, 481, 483, 486, 491, 492, 499, 372, 380, 125, 254, 383}
best_rider_2_centroid best_rider_2_obj best_rider_2_radius best_rider_2_act_1 best_rider_2_act_2 best_rider_2_act_3 best_rider_2_area
281 4013.215443386377 4013.215443386377 150.3927789037139 301.7028337498999 0.0 0 0.0
rider 7 = {386, 134, 11, 400, 18, 402, 154, 410, 29, 285, 419, 36, 422, 40, 172, 45, 311, 60, 320, 324, 325, 202, 203, 460, 335, 213, 216, 221, 479, 354, 98, 356, 226, 102, 485, 361, 108, 493, 367, 371, 116, 117, 118, 122, 255}
best_rider_2_centroid best_rider_2_obj best_rider_2_radius best_rider_2_act_1 best_rider_2_act_2 best_rider_2_act_3 best_rider_2_area
386 3209.0675521201865 3209.0675521201865 124.31454764934506 307.86207392906385 0.0 0 0.0
rider 8 = {384, 136, 396, 140, 14, 15, 142, 399, 147, 20, 22, 24, 283, 412, 411, 287, 420, 165, 424, 41, 425, 44, 307, 315, 316, 319, 198, 329, 201, 331, 458, 339, 214, 349, 93, 351, 477, 484, 230, 107, 368, 112, 252}
best_rider_2_centroid best_rider_2_obj best_rider_2_radius best_rider_2_act_1 best_rider_2_act_2 best_rider_2_act_3 best_rider_2_area
396 3673.557378260167 3673.557378260167 124.21197009481672 318.429808368664 0.0 0 0.0
rider 9 = {130, 131, 135, 265, 137, 139, 12, 268, 397, 143, 273, 274, 405, 28, 284, 157, 290, 37, 293, 295, 298, 428, 302, 178, 184, 444, 455, 74, 205, 464, 337, 208, 472, 345, 218, 92, 350, 95, 224, 355, 357, 487, 234, 498, 376, 249, 250, 127}
best_rider_2_centroid best_rider_2_obj best_rider_2_radius best_rider_2_act_1 best_rider_2_act_2 best_rider_2_act_3 best_rider_2_area
345 5012.658899460537 5012.658899460537 135.53370181570065 338.6223360020844 0.0 0 0.0
