instance_name algorithm_name iter_idx best_objective violate_value
L1-DU500-P10 -local_search_repaired- 1 89150.07955404575 0
nb_riders nb_polygons
10 500
rider 0 = {388, 261, 391, 392, 393, 269, 271, 275, 19, 277, 279, 281, 285, 288, 160, 419, 421, 423, 431, 306, 180, 316, 317, 188, 319, 448, 197, 73, 204, 82, 341, 85, 87, 347, 353, 225, 483, 356, 230, 231, 491, 235, 366, 111, 239, 117, 246, 375}
best_rider_2_centroid best_rider_2_obj best_rider_2_radius best_rider_2_act_1 best_rider_2_act_2 best_rider_2_act_3 best_rider_2_area
87 8965.791335888887 8965.791335888887 130.87562577791044 325.6295104816941 0.0 0 0.0
rider 1 = {2, 264, 272, 144, 274, 403, 20, 405, 278, 408, 409, 27, 156, 158, 420, 293, 38, 168, 297, 425, 170, 300, 301, 304, 308, 58, 187, 443, 191, 322, 200, 201, 458, 332, 333, 463, 336, 208, 344, 88, 348, 349, 476, 352, 97, 226, 486, 103, 105, 495, 112, 378, 379, 381, 382, 127}
best_rider_2_centroid best_rider_2_obj best_rider_2_radius best_rider_2_act_1 best_rider_2_act_2 best_rider_2_act_3 best_rider_2_area
2 10211.175523171802 10211.175523171802 138.41040789077604 325.40665024516585 0.0 0 0.0
rider 2 = {3, 263, 135, 137, 394, 267, 395, 141, 14, 145, 406, 23, 152, 412, 157, 414, 163, 295, 46, 432, 434, 51, 52, 311, 183, 442, 65, 196, 454, 199, 330, 459, 77, 80, 465, 470, 345, 346, 223, 480, 224, 489, 108, 236, 238, 494, 243, 118, 247, 255}
best_rider_2_centroid best_rider_2_obj best_rider_2_radius best_rider_2_act_1 best_rider_2_act_2 best_rider_2_act_3 best_rider_2_area
199 10136.598307303171 10136.598307303171 136.4701721445576 344.2617037581951 0.0 0 0.0
rider 3 = {389, 139, 270, 143, 18, 147, 404, 149, 154, 284, 413, 31, 161, 34, 418, 166, 427, 44, 173, 303, 305, 177, 433, 435, 439, 320, 193, 71, 456, 207, 84, 468, 215, 216, 217, 471, 475, 219, 95, 479, 481, 98, 99, 485, 363, 237, 369, 241, 116, 245, 374, 251, 124}
best_rider_2_centroid best_rider_2_obj best_rider_2_radius best_rider_2_act_1 best_rider_2_act_2 best_rider_2_act_3 best_rider_2_area
71 9477.891724633106 9477.891724633106 137.88838701554076 333.7353597961373 0.0 0 0.0
rider 4 = {387, 132, 9, 402, 151, 153, 282, 29, 33, 40, 43, 45, 430, 49, 178, 438, 312, 440, 185, 59, 60, 186, 318, 444, 64, 445, 189, 67, 324, 325, 70, 447, 192, 329, 450, 453, 455, 340, 90, 355, 228, 359, 487, 234, 113, 252, 122, 123, 380}
best_rider_2_centroid best_rider_2_obj best_rider_2_radius best_rider_2_act_1 best_rider_2_act_2 best_rider_2_act_3 best_rider_2_area
67 8152.354069257388 8152.354069257388 133.78497955664918 321.4024170004624 0.0 0 0.0
rider 5 = {385, 259, 5, 6, 136, 268, 396, 140, 399, 17, 148, 22, 150, 24, 26, 155, 411, 159, 290, 35, 167, 424, 171, 429, 47, 48, 175, 307, 436, 310, 57, 441, 315, 66, 194, 451, 69, 462, 464, 338, 339, 213, 86, 474, 93, 350, 354, 482, 232, 377, 498, 121, 125}
best_rider_2_centroid best_rider_2_obj best_rider_2_radius best_rider_2_act_1 best_rider_2_act_2 best_rider_2_act_3 best_rider_2_area
385 9368.701642755363 9368.701642755363 141.27103866257025 347.6789922294549 0.0 0 0.0
rider 6 = {131, 390, 266, 138, 13, 142, 16, 401, 146, 276, 407, 410, 283, 32, 291, 42, 179, 53, 54, 181, 314, 321, 68, 452, 326, 327, 203, 461, 334, 206, 337, 211, 218, 477, 94, 351, 96, 227, 101, 229, 497, 114, 499, 120, 250, 383}
best_rider_2_centroid best_rider_2_obj best_rider_2_radius best_rider_2_act_1 best_rider_2_act_2 best_rider_2_act_3 best_rider_2_area
499 7866.299261797473 7866.299261797473 140.41274980778397 344.5476349295391 0.0 0 0.0
rider 7 = {129, 258, 386, 7, 10, 12, 397, 398, 273, 280, 286, 287, 415, 416, 292, 296, 41, 302, 174, 50, 55, 56, 313, 190, 63, 328, 72, 331, 75, 78, 466, 342, 343, 220, 478, 248, 484, 358, 104, 362, 106, 364, 109, 110, 365, 242, 372, 376, 249}
best_rider_2_centroid best_rider_2_obj best_rider_2_radius best_rider_2_act_1 best_rider_2_act_2 best_rider_2_act_3 best_rider_2_area
313 7905.786516133797 7905.786516133797 136.16301639473195 348.8131196275963 0.0 0 0.0
rider 8 = {256, 1, 257, 128, 4, 260, 130, 133, 8, 134, 11, 400, 25, 417, 36, 37, 422, 169, 428, 172, 309, 437, 182, 446, 323, 198, 76, 205, 460, 79, 335, 81, 210, 209, 212, 89, 221, 222, 357, 361, 490, 107, 370, 115, 371, 244, 253, 126}
best_rider_2_centroid best_rider_2_obj best_rider_2_radius best_rider_2_act_1 best_rider_2_act_2 best_rider_2_act_3 best_rider_2_area
212 8311.45087243199 8311.45087243199 143.61575875920042 320.1047519261818 0.0 0 0.0
rider 9 = {0, 384, 262, 265, 15, 21, 28, 30, 289, 162, 164, 165, 294, 39, 298, 299, 426, 176, 184, 61, 62, 449, 195, 457, 74, 202, 83, 467, 469, 214, 472, 473, 91, 92, 100, 102, 360, 488, 233, 492, 493, 367, 368, 240, 496, 373, 119, 254}
best_rider_2_centroid best_rider_2_obj best_rider_2_radius best_rider_2_act_1 best_rider_2_act_2 best_rider_2_act_3 best_rider_2_area
265 8754.03030067278 8754.03030067278 130.88287062212203 322.94626523524096 0.0 0 0.0
