instance_name algorithm_name iter_idx best_objective violate_value
L1-DU500-P10-T0.1 -local_search_repaired- 6 46027.00472423615 0
nb_riders nb_polygons
10 500
rider 0 = {385, 2, 387, 6, 7, 390, 134, 266, 137, 268, 272, 273, 19, 148, 406, 153, 37, 295, 168, 298, 426, 177, 50, 185, 314, 445, 63, 195, 198, 455, 81, 339, 212, 87, 472, 477, 95, 352, 376, 484, 228, 237, 499, 120, 249, 250, 381, 126}
best_rider_2_centroid best_rider_2_obj best_rider_2_radius best_rider_2_act_1 best_rider_2_act_2 best_rider_2_act_3 best_rider_2_area
266 4493.521993947733 4493.521993947733 138.92078945735008 329.46177201528553 0.0 0 0.0
rider 1 = {130, 3, 389, 394, 275, 407, 31, 32, 34, 294, 169, 427, 300, 174, 178, 435, 436, 311, 312, 184, 440, 442, 443, 317, 318, 321, 69, 326, 70, 197, 74, 79, 207, 208, 464, 340, 344, 473, 219, 350, 355, 227, 361, 362, 489, 109, 493, 367, 494, 369, 116, 118, 248, 121}
best_rider_2_centroid best_rider_2_obj best_rider_2_radius best_rider_2_act_1 best_rider_2_act_2 best_rider_2_act_3 best_rider_2_area
369 5750.818183878882 5750.818183878882 146.86205956879567 359.02347169778443 0.0 0 0.0
rider 2 = {129, 5, 262, 136, 395, 396, 140, 15, 144, 17, 21, 405, 24, 411, 284, 412, 30, 286, 157, 165, 167, 424, 175, 48, 55, 451, 328, 75, 76, 336, 80, 211, 214, 119, 93, 225, 482, 230, 232, 491, 364, 236, 110, 115, 375, 379, 125}
best_rider_2_centroid best_rider_2_obj best_rider_2_radius best_rider_2_act_1 best_rider_2_act_2 best_rider_2_act_3 best_rider_2_area
136 3834.6292906490276 3834.6292906490276 128.20283237811523 333.4887669993736 0.0 0 0.0
rider 3 = {128, 131, 4, 133, 393, 139, 270, 271, 400, 277, 151, 408, 282, 410, 29, 413, 160, 161, 291, 297, 170, 172, 45, 301, 308, 52, 437, 56, 186, 191, 320, 449, 322, 323, 324, 194, 203, 460, 206, 209, 216, 89, 221, 97, 354, 98, 226, 233, 239, 241, 497, 373, 377, 251, 382}
best_rider_2_centroid best_rider_2_obj best_rider_2_radius best_rider_2_act_1 best_rider_2_act_2 best_rider_2_act_3 best_rider_2_area
206 4264.402821873842 4264.402821873842 137.96577224069625 321.5459876121333 0.0 0 0.0
rider 4 = {258, 260, 261, 263, 9, 267, 397, 143, 145, 274, 150, 23, 409, 290, 162, 39, 43, 428, 302, 433, 306, 434, 54, 438, 61, 62, 190, 205, 337, 82, 469, 343, 345, 218, 348, 96, 99, 357, 487, 490, 234, 238, 498, 243, 245, 127}
best_rider_2_centroid best_rider_2_obj best_rider_2_radius best_rider_2_act_1 best_rider_2_act_2 best_rider_2_act_3 best_rider_2_area
487 4253.684381055123 4253.684381055123 135.69508395011968 319.01390733488654 0.0 0 0.0
rider 5 = {265, 10, 138, 141, 156, 414, 288, 418, 292, 421, 299, 173, 305, 309, 181, 441, 58, 192, 448, 66, 67, 452, 327, 200, 457, 461, 78, 462, 466, 83, 341, 342, 347, 220, 476, 224, 483, 103, 488, 231, 106, 492, 111, 495, 370, 114, 246, 253}
best_rider_2_centroid best_rider_2_obj best_rider_2_radius best_rider_2_act_1 best_rider_2_act_2 best_rider_2_act_3 best_rider_2_area
58 5404.273714724346 5404.273714724346 130.1319099643631 322.8364508624348 0.0 0 0.0
rider 6 = {0, 384, 264, 8, 269, 14, 16, 403, 20, 147, 281, 283, 27, 158, 415, 416, 33, 35, 163, 420, 41, 425, 44, 429, 179, 53, 310, 59, 315, 189, 319, 447, 193, 201, 458, 331, 459, 333, 338, 467, 468, 470, 471, 346, 94, 222, 353, 101, 358, 229, 104, 105, 365, 368, 496, 378, 380, 254}
best_rider_2_centroid best_rider_2_obj best_rider_2_radius best_rider_2_act_1 best_rider_2_act_2 best_rider_2_act_3 best_rider_2_area
14 5576.984001166519 5576.984001166519 146.66891765922466 354.2920212595907 0.0 0 0.0
rider 7 = {259, 391, 135, 12, 399, 278, 22, 280, 28, 417, 293, 166, 423, 171, 176, 432, 307, 313, 316, 444, 64, 199, 72, 329, 204, 463, 210, 88, 92, 349, 223, 480, 100, 360, 107, 366, 112, 240, 242, 244, 374, 123, 252, 383}
best_rider_2_centroid best_rider_2_obj best_rider_2_radius best_rider_2_act_1 best_rider_2_act_2 best_rider_2_act_3 best_rider_2_area
107 4657.1985211765195 4657.1985211765195 127.83027193675902 317.82004797502987 0.0 0 0.0
rider 8 = {256, 386, 132, 11, 13, 401, 18, 402, 276, 404, 149, 279, 25, 154, 285, 419, 36, 38, 422, 40, 430, 303, 431, 51, 182, 183, 439, 60, 446, 325, 453, 71, 456, 73, 202, 335, 213, 86, 215, 217, 90, 475, 479, 356, 485, 102, 363, 108, 235, 113, 371, 117, 122, 255}
best_rider_2_centroid best_rider_2_obj best_rider_2_radius best_rider_2_act_1 best_rider_2_act_2 best_rider_2_act_3 best_rider_2_area
371 4922.9223634335885 4922.9223634335885 144.29471688875472 354.34408743443396 0.0 0 0.0
rider 9 = {1, 257, 388, 392, 142, 398, 146, 152, 26, 155, 287, 159, 289, 164, 296, 42, 46, 47, 304, 49, 180, 57, 187, 188, 65, 450, 68, 196, 454, 330, 332, 77, 334, 465, 84, 85, 474, 91, 478, 351, 481, 486, 359, 372, 247, 124}
best_rider_2_centroid best_rider_2_obj best_rider_2_radius best_rider_2_act_1 best_rider_2_act_2 best_rider_2_act_3 best_rider_2_area
146 2868.5694523305638 2868.5694523305638 133.20265258766423 322.69989203871523 0.0 0 0.0
