instance_name algorithm_name iter_idx best_objective violate_value
L1-DU500-P10-T0.1 -local_search_repaired- 5 47175.08953027463 0
nb_riders nb_polygons
10 500
rider 0 = {128, 386, 138, 141, 271, 400, 277, 151, 152, 156, 414, 288, 160, 161, 292, 421, 296, 297, 170, 299, 431, 52, 180, 437, 56, 441, 186, 191, 322, 196, 203, 334, 206, 89, 481, 354, 226, 488, 106, 493, 494, 239, 370, 114, 373, 246, 248, 377, 378, 251}
best_rider_2_centroid best_rider_2_obj best_rider_2_radius best_rider_2_act_1 best_rider_2_act_2 best_rider_2_act_3 best_rider_2_area
373 4774.536526550604 4774.536526550604 129.45090578053973 304.4038857544462 0.0 0 0.0
rider 1 = {260, 140, 269, 396, 399, 20, 278, 280, 27, 411, 155, 286, 415, 416, 33, 417, 420, 423, 168, 41, 425, 171, 44, 167, 310, 313, 444, 450, 198, 329, 457, 76, 204, 211, 467, 352, 230, 360, 232, 491, 499, 372, 244, 376, 379}
best_rider_2_centroid best_rider_2_obj best_rider_2_radius best_rider_2_act_1 best_rider_2_act_2 best_rider_2_act_3 best_rider_2_area
244 4191.3318653993965 4191.3318653993965 137.6268074147625 325.9723317228819 0.0 0 0.0
rider 2 = {129, 262, 263, 6, 268, 143, 274, 148, 23, 284, 28, 32, 162, 295, 39, 302, 433, 434, 178, 61, 62, 190, 321, 69, 205, 79, 469, 219, 92, 348, 96, 225, 482, 355, 227, 484, 490, 236, 240, 369, 245, 249, 253, 127}
best_rider_2_centroid best_rider_2_obj best_rider_2_radius best_rider_2_act_1 best_rider_2_act_2 best_rider_2_act_3 best_rider_2_area
295 3816.9998398039747 3816.9998398039747 129.9702198846469 335.0778631603602 0.0 0 0.0
rider 3 = {0, 384, 5, 390, 264, 8, 392, 395, 14, 142, 16, 403, 283, 158, 287, 164, 305, 49, 307, 179, 53, 59, 319, 68, 454, 199, 201, 331, 333, 78, 461, 463, 471, 88, 346, 94, 351, 223, 353, 480, 99, 101, 358, 486, 229, 105, 492, 365, 366, 496, 242, 115, 374, 119, 380, 124, 125}
best_rider_2_centroid best_rider_2_obj best_rider_2_radius best_rider_2_act_1 best_rider_2_act_2 best_rider_2_act_3 best_rider_2_area
358 6227.970494837247 6227.970494837247 150.26424494442946 365.1754281962825 0.0 0 0.0
rider 4 = {261, 134, 11, 401, 275, 149, 279, 25, 154, 285, 34, 427, 303, 51, 54, 311, 183, 182, 439, 443, 60, 324, 325, 197, 335, 464, 82, 213, 86, 217, 475, 479, 98, 361, 489, 235, 109, 367, 113, 371, 116, 117, 122}
best_rider_2_centroid best_rider_2_obj best_rider_2_radius best_rider_2_act_1 best_rider_2_act_2 best_rider_2_act_3 best_rider_2_area
279 3448.857659965973 3448.857659965973 123.73916864981385 310.33005446437335 0.0 0 0.0
rider 5 = {4, 133, 393, 139, 270, 18, 402, 276, 408, 282, 410, 29, 413, 418, 291, 36, 419, 422, 40, 298, 172, 301, 45, 446, 320, 449, 194, 452, 453, 326, 327, 200, 73, 202, 332, 77, 460, 209, 210, 215, 216, 221, 356, 231, 497, 118, 247, 381, 255}
best_rider_2_centroid best_rider_2_obj best_rider_2_radius best_rider_2_act_1 best_rider_2_act_2 best_rider_2_act_3 best_rider_2_area
215 4674.489617196185 4674.489617196185 130.9300217052855 317.74527840495995 0.0 0 0.0
rider 6 = {257, 1, 388, 391, 398, 146, 19, 26, 159, 289, 42, 173, 46, 47, 304, 308, 309, 181, 57, 58, 314, 187, 188, 448, 65, 66, 330, 462, 465, 466, 84, 341, 85, 342, 344, 212, 472, 91, 347, 474, 476, 95, 220, 97, 222, 483, 103, 359, 233, 107, 111, 495, 241, 120, 382}
best_rider_2_centroid best_rider_2_obj best_rider_2_radius best_rider_2_act_1 best_rider_2_act_2 best_rider_2_act_3 best_rider_2_area
474 5799.609969209326 5799.609969209326 141.3037141938356 350.58565302612885 0.0 0 0.0
rider 7 = {256, 258, 3, 130, 132, 389, 9, 394, 267, 145, 404, 405, 150, 407, 153, 409, 31, 290, 35, 293, 294, 169, 43, 300, 174, 177, 306, 435, 436, 312, 440, 184, 442, 318, 67, 455, 74, 207, 208, 337, 345, 473, 350, 228, 357, 102, 487, 362, 363, 108, 238, 498, 243, 121, 252, 383}
best_rider_2_centroid best_rider_2_obj best_rider_2_radius best_rider_2_act_1 best_rider_2_act_2 best_rider_2_act_3 best_rider_2_area
145 5546.649167023301 5546.649167023301 147.06288034439993 350.86536807258534 0.0 0 0.0
rider 8 = {385, 259, 387, 135, 136, 15, 144, 17, 147, 21, 22, 24, 412, 157, 30, 163, 165, 424, 428, 429, 175, 48, 176, 432, 55, 315, 316, 189, 63, 447, 193, 451, 328, 72, 458, 75, 459, 336, 339, 468, 470, 214, 93, 100, 104, 234, 364, 237, 110, 112, 368, 375, 123, 254}
best_rider_2_centroid best_rider_2_obj best_rider_2_radius best_rider_2_act_1 best_rider_2_act_2 best_rider_2_act_3 best_rider_2_area
424 4451.311676759079 4451.311676759079 145.50459354684344 365.4101184286304 0.0 0 0.0
rider 9 = {2, 131, 7, 265, 266, 10, 12, 13, 137, 397, 272, 273, 406, 281, 37, 38, 166, 426, 430, 50, 438, 185, 317, 445, 64, 192, 323, 195, 70, 71, 456, 80, 81, 338, 83, 340, 87, 343, 90, 218, 349, 477, 478, 224, 485, 250, 126}
best_rider_2_centroid best_rider_2_obj best_rider_2_radius best_rider_2_act_1 best_rider_2_act_2 best_rider_2_act_3 best_rider_2_area
137 4243.332713529549 4243.332713529549 133.92245016728558 308.960423999019 0.0 0 0.0
