instance_name algorithm_name iter_idx best_objective violate_value
L1-DU500-P10 -local_search_repaired- 6 80659.11936083941 0
nb_riders nb_polygons
10 500
rider 0 = {4, 133, 393, 138, 139, 146, 402, 277, 281, 155, 413, 414, 160, 161, 421, 297, 46, 308, 309, 52, 180, 437, 57, 314, 186, 187, 188, 446, 448, 65, 68, 456, 203, 77, 205, 466, 85, 86, 342, 217, 346, 348, 476, 221, 481, 358, 359, 361, 109, 496, 241, 247, 250, 124}
best_rider_2_centroid best_rider_2_obj best_rider_2_radius best_rider_2_act_1 best_rider_2_act_2 best_rider_2_act_3 best_rider_2_area
466 7670.16108719919 7670.16108719919 142.4030925083749 342.0627800680561 0.0 0 0.0
rider 1 = {390, 392, 394, 276, 148, 406, 407, 35, 419, 420, 296, 298, 42, 431, 435, 310, 439, 184, 313, 317, 190, 319, 192, 449, 322, 199, 329, 457, 334, 79, 340, 212, 470, 471, 216, 473, 219, 220, 475, 222, 95, 355, 100, 483, 488, 106, 367, 371, 373, 246, 122, 251}
best_rider_2_centroid best_rider_2_obj best_rider_2_radius best_rider_2_act_1 best_rider_2_act_2 best_rider_2_act_3 best_rider_2_area
298 8715.25493498133 8715.25493498133 135.78732081468024 328.71991612387006 0.0 0 0.0
rider 2 = {256, 1, 2, 151, 152, 153, 293, 166, 295, 41, 299, 301, 302, 304, 432, 178, 54, 185, 315, 59, 189, 64, 194, 452, 325, 76, 332, 78, 461, 80, 210, 83, 341, 224, 248, 356, 101, 360, 232, 363, 493, 366, 494, 239, 495, 499, 120, 123, 382}
best_rider_2_centroid best_rider_2_obj best_rider_2_radius best_rider_2_act_1 best_rider_2_act_2 best_rider_2_act_3 best_rider_2_area
2 8285.807424356597 8285.807424356597 142.68153917050054 340.79164372982035 0.0 0 0.0
rider 3 = {258, 3, 130, 263, 9, 272, 273, 401, 275, 279, 409, 31, 290, 291, 163, 37, 171, 172, 430, 47, 177, 51, 436, 438, 311, 312, 182, 440, 441, 60, 442, 443, 454, 455, 73, 460, 336, 337, 82, 87, 345, 350, 96, 97, 357, 233, 234, 238, 116, 117, 252, 253}
best_rider_2_centroid best_rider_2_obj best_rider_2_radius best_rider_2_act_1 best_rider_2_act_2 best_rider_2_act_3 best_rider_2_area
440 7907.736672709046 7907.736672709046 143.46239312677577 347.31738256929407 0.0 0 0.0
rider 4 = {131, 389, 134, 137, 266, 13, 141, 398, 399, 29, 288, 32, 36, 294, 169, 300, 174, 303, 183, 56, 450, 67, 453, 70, 74, 330, 459, 462, 464, 480, 353, 354, 102, 103, 104, 486, 230, 235, 369, 114, 370, 244, 377, 379, 381, 127}
best_rider_2_centroid best_rider_2_obj best_rider_2_radius best_rider_2_act_1 best_rider_2_act_2 best_rider_2_act_3 best_rider_2_area
169 8720.513133401933 8720.513133401933 130.78861618146698 333.37465728184503 0.0 0 0.0
rider 5 = {10, 396, 144, 403, 147, 21, 278, 22, 280, 24, 411, 157, 30, 287, 158, 289, 415, 417, 418, 165, 168, 43, 429, 175, 445, 63, 451, 196, 195, 333, 465, 338, 211, 84, 214, 89, 218, 347, 225, 98, 226, 485, 487, 365, 111, 112, 374, 383}
best_rider_2_centroid best_rider_2_obj best_rider_2_radius best_rider_2_act_1 best_rider_2_act_2 best_rider_2_act_3 best_rider_2_area
280 7446.2857629559785 7446.2857629559785 134.78601613245704 336.92954346228197 0.0 0 0.0
rider 6 = {384, 386, 132, 267, 11, 270, 145, 18, 404, 149, 408, 25, 282, 154, 410, 34, 38, 422, 40, 427, 45, 306, 181, 61, 318, 320, 69, 71, 328, 327, 200, 331, 202, 208, 209, 213, 215, 90, 91, 474, 223, 352, 99, 228, 489, 362, 491, 240, 242, 243}
best_rider_2_centroid best_rider_2_obj best_rider_2_radius best_rider_2_act_1 best_rider_2_act_2 best_rider_2_act_3 best_rider_2_area
149 8403.024701633001 8403.024701633001 131.1246977378343 317.12376250170445 0.0 0 0.0
rider 7 = {0, 257, 128, 259, 385, 5, 388, 7, 264, 8, 395, 14, 142, 16, 19, 27, 156, 159, 292, 164, 173, 49, 50, 179, 58, 316, 75, 206, 207, 81, 339, 467, 344, 88, 92, 478, 351, 227, 231, 107, 492, 237, 113, 497, 498, 372, 376, 378, 126, 255}
best_rider_2_centroid best_rider_2_obj best_rider_2_radius best_rider_2_act_1 best_rider_2_act_2 best_rider_2_act_3 best_rider_2_area
27 8054.000565066127 8054.000565066127 141.67992702713144 323.946737388775 0.0 0 0.0
rider 8 = {129, 260, 265, 268, 269, 271, 400, 20, 283, 28, 285, 412, 416, 33, 39, 424, 425, 170, 176, 305, 433, 307, 53, 55, 444, 62, 447, 321, 324, 197, 326, 201, 458, 335, 463, 343, 349, 93, 477, 484, 229, 108, 236, 368, 115, 118, 119, 121, 380, 125}
best_rider_2_centroid best_rider_2_obj best_rider_2_radius best_rider_2_act_1 best_rider_2_act_2 best_rider_2_act_3 best_rider_2_area
260 8747.818604667895 8747.818604667895 136.77331504726027 335.0384882287686 0.0 0 0.0
rider 9 = {387, 261, 262, 6, 391, 136, 135, 12, 140, 397, 15, 143, 17, 274, 405, 150, 23, 26, 284, 286, 162, 167, 423, 426, 44, 428, 48, 434, 191, 193, 66, 323, 198, 72, 204, 468, 469, 472, 94, 479, 482, 105, 490, 364, 110, 245, 375, 249, 254}
best_rider_2_centroid best_rider_2_obj best_rider_2_radius best_rider_2_act_1 best_rider_2_act_2 best_rider_2_act_3 best_rider_2_area
262 6708.516473868308 6708.516473868308 130.28808888536108 329.22149387525195 0.0 0 0.0
