instance_name algorithm_name iter_idx best_objective violate_value
L1-DU500-P10 -local_search_repaired- 9 76052.66118510626 0
nb_riders nb_polygons
10 500
rider 0 = {385, 258, 386, 132, 133, 397, 398, 271, 400, 277, 406, 151, 284, 159, 289, 161, 422, 298, 299, 170, 301, 434, 52, 308, 440, 185, 58, 60, 68, 197, 200, 73, 330, 203, 206, 464, 81, 213, 344, 89, 220, 221, 476, 103, 108, 239, 247, 379, 381, 382}
best_rider_2_centroid best_rider_2_obj best_rider_2_radius best_rider_2_act_1 best_rider_2_act_2 best_rider_2_act_3 best_rider_2_area
52 7629.534275810552 7629.534275810552 130.66377787971354 326.19699829292335 0.0 0 0.0
rider 1 = {384, 262, 390, 265, 269, 14, 141, 146, 405, 278, 283, 412, 30, 158, 41, 426, 173, 174, 429, 53, 441, 316, 319, 320, 450, 196, 199, 201, 463, 466, 211, 84, 87, 88, 473, 347, 479, 484, 101, 232, 105, 488, 234, 237, 499, 373, 375, 377, 254}
best_rider_2_centroid best_rider_2_obj best_rider_2_radius best_rider_2_act_1 best_rider_2_act_2 best_rider_2_act_3 best_rider_2_area
278 7954.625929905078 7954.625929905078 131.66824567651153 331.7323891541338 0.0 0 0.0
rider 2 = {129, 260, 15, 143, 148, 23, 409, 157, 286, 416, 290, 35, 162, 163, 167, 423, 168, 425, 44, 179, 438, 55, 447, 69, 198, 455, 76, 78, 343, 345, 218, 478, 351, 96, 352, 223, 355, 100, 99, 224, 225, 360, 104, 491, 366, 367, 112, 115, 120, 121, 380, 127}
best_rider_2_centroid best_rider_2_obj best_rider_2_radius best_rider_2_act_1 best_rider_2_act_2 best_rider_2_act_3 best_rider_2_area
198 6986.620318354671 6986.620318354671 139.9305506848741 335.58066008470433 0.0 0 0.0
rider 3 = {261, 389, 134, 391, 11, 402, 404, 153, 282, 414, 160, 291, 36, 292, 300, 45, 430, 431, 304, 306, 435, 437, 182, 311, 56, 439, 186, 190, 446, 448, 195, 452, 325, 326, 453, 456, 202, 461, 334, 335, 209, 212, 215, 248, 98, 359, 231, 235, 109, 493, 494, 113, 370, 241, 242, 376}
best_rider_2_centroid best_rider_2_obj best_rider_2_radius best_rider_2_act_1 best_rider_2_act_2 best_rider_2_act_3 best_rider_2_area
209 7987.392785746138 7987.392785746138 143.28537324255691 339.3038208919879 0.0 0 0.0
rider 4 = {136, 393, 10, 268, 399, 144, 147, 279, 411, 418, 293, 166, 50, 310, 57, 61, 191, 64, 321, 66, 322, 324, 192, 193, 327, 194, 75, 459, 336, 80, 338, 468, 216, 93, 349, 95, 222, 480, 482, 228, 358, 363, 365, 496, 497, 114, 371, 374, 246, 250, 125}
best_rider_2_centroid best_rider_2_obj best_rider_2_radius best_rider_2_act_1 best_rider_2_act_2 best_rider_2_act_3 best_rider_2_area
64 8476.088526918558 8476.088526918558 132.037082559068 341.68143898674896 0.0 0 0.0
rider 5 = {2, 7, 396, 273, 274, 403, 20, 21, 22, 24, 152, 408, 155, 28, 29, 413, 288, 417, 419, 165, 297, 171, 46, 47, 48, 177, 436, 188, 189, 318, 204, 207, 337, 85, 472, 346, 91, 483, 230, 362, 107, 251, 368, 240, 498, 372, 244, 123}
best_rider_2_centroid best_rider_2_obj best_rider_2_radius best_rider_2_act_1 best_rider_2_act_2 best_rider_2_act_3 best_rider_2_area
7 8197.413937775078 8197.413937775078 140.0322312576261 338.0962625474859 0.0 0 0.0
rider 6 = {0, 1, 257, 128, 388, 8, 264, 392, 138, 395, 140, 142, 16, 26, 27, 287, 415, 33, 420, 164, 175, 432, 305, 49, 176, 180, 309, 313, 59, 315, 187, 63, 454, 457, 77, 333, 465, 339, 467, 471, 474, 353, 354, 229, 486, 233, 495, 118, 378, 124, 126}
best_rider_2_centroid best_rider_2_obj best_rider_2_radius best_rider_2_act_1 best_rider_2_act_2 best_rider_2_act_3 best_rider_2_area
26 6377.327781706804 6377.327781706804 142.14346454409912 343.6438048162721 0.0 0 0.0
rider 7 = {256, 6, 135, 9, 137, 12, 13, 272, 154, 32, 37, 38, 43, 172, 302, 433, 307, 312, 317, 62, 65, 451, 70, 328, 72, 74, 458, 340, 86, 214, 217, 348, 92, 350, 94, 481, 226, 102, 361, 106, 364, 492, 236, 116, 245, 249, 122, 252, 383}
best_rider_2_centroid best_rider_2_obj best_rider_2_radius best_rider_2_act_1 best_rider_2_act_2 best_rider_2_act_3 best_rider_2_area
348 8020.768809965113 8020.768809965113 139.7941982570571 336.229630246073 0.0 0 0.0
rider 8 = {3, 259, 4, 387, 263, 131, 266, 139, 270, 17, 18, 19, 276, 150, 280, 281, 156, 31, 421, 39, 40, 296, 42, 424, 427, 428, 303, 181, 442, 67, 323, 329, 331, 332, 460, 462, 79, 210, 83, 341, 470, 90, 219, 227, 356, 487, 110, 117}
best_rider_2_centroid best_rider_2_obj best_rider_2_radius best_rider_2_act_1 best_rider_2_act_2 best_rider_2_act_3 best_rider_2_area
67 8158.230796027071 8158.230796027071 139.88780900144394 317.1356818076426 0.0 0 0.0
rider 9 = {130, 5, 394, 267, 401, 145, 275, 149, 407, 25, 410, 285, 34, 294, 295, 169, 178, 51, 54, 183, 184, 314, 443, 444, 445, 449, 71, 205, 208, 82, 469, 342, 475, 477, 97, 357, 485, 489, 490, 238, 111, 369, 243, 119, 253, 255}
best_rider_2_centroid best_rider_2_obj best_rider_2_radius best_rider_2_act_1 best_rider_2_act_2 best_rider_2_act_3 best_rider_2_area
443 6264.658022897197 6264.658022897197 130.3322735288922 324.92571840169575 0.0 0 0.0
