instance_name algorithm_name iter_idx best_objective violate_value
L1-DU500-P10-T0.1 -local_search_repaired- 3 43926.100414220644 0
nb_riders nb_polygons
10 500
rider 0 = {386, 132, 134, 11, 139, 400, 275, 276, 149, 279, 25, 154, 29, 285, 291, 422, 40, 300, 172, 439, 185, 442, 60, 446, 191, 320, 194, 324, 325, 326, 327, 70, 453, 74, 197, 203, 206, 335, 207, 213, 344, 473, 354, 356, 485, 108, 493, 111, 371, 122}
best_rider_2_centroid best_rider_2_obj best_rider_2_radius best_rider_2_act_1 best_rider_2_act_2 best_rider_2_act_3 best_rider_2_area
11 4694.077389866788 4694.077389866788 128.1587856738068 325.39618364022203 0.0 0 0.0
rider 1 = {129, 2, 387, 262, 135, 265, 143, 272, 17, 144, 405, 23, 284, 157, 286, 162, 293, 166, 168, 171, 174, 175, 48, 50, 434, 438, 55, 62, 198, 328, 205, 80, 81, 337, 469, 343, 347, 477, 95, 225, 99, 237, 245, 123, 252, 254}
best_rider_2_centroid best_rider_2_obj best_rider_2_radius best_rider_2_act_1 best_rider_2_act_2 best_rider_2_act_3 best_rider_2_area
175 4247.937986002544 4247.937986002544 138.72353363192312 353.5549708059387 0.0 0 0.0
rider 2 = {128, 4, 393, 270, 18, 402, 408, 282, 410, 413, 160, 419, 36, 38, 301, 45, 303, 430, 431, 311, 56, 186, 452, 71, 200, 73, 456, 202, 460, 209, 340, 215, 216, 89, 475, 221, 479, 98, 226, 231, 489, 235, 109, 239, 370, 116, 117, 118, 373, 246, 251, 255}
best_rider_2_centroid best_rider_2_obj best_rider_2_radius best_rider_2_act_1 best_rider_2_act_2 best_rider_2_act_3 best_rider_2_area
215 4099.759464466641 4099.759464466641 133.67971096873745 315.3461270957421 0.0 0 0.0
rider 3 = {133, 138, 141, 398, 271, 277, 406, 151, 152, 156, 414, 288, 161, 418, 421, 297, 298, 299, 42, 170, 46, 308, 309, 52, 437, 58, 448, 449, 322, 323, 192, 196, 457, 462, 210, 474, 97, 481, 486, 488, 233, 494, 241, 497, 247, 248, 377, 378}
best_rider_2_centroid best_rider_2_obj best_rider_2_radius best_rider_2_act_1 best_rider_2_act_2 best_rider_2_act_3 best_rider_2_area
414 4056.3987100836657 4056.3987100836657 133.54564952460555 310.05506885116074 0.0 0 0.0
rider 4 = {258, 3, 261, 6, 394, 267, 13, 397, 145, 401, 407, 153, 31, 426, 302, 178, 51, 435, 436, 182, 183, 440, 184, 443, 317, 318, 190, 321, 67, 69, 464, 82, 217, 219, 224, 482, 227, 357, 102, 487, 249, 362, 363, 367, 240, 369, 113, 243, 121, 250, 253, 383}
best_rider_2_centroid best_rider_2_obj best_rider_2_radius best_rider_2_act_1 best_rider_2_act_2 best_rider_2_act_3 best_rider_2_area
178 4192.299801951201 4192.299801951201 146.91566480646597 362.28709534468766 0.0 0 0.0
rider 5 = {257, 1, 388, 392, 269, 146, 26, 155, 287, 159, 289, 292, 164, 296, 47, 305, 49, 180, 57, 441, 187, 188, 65, 450, 68, 454, 461, 334, 466, 84, 85, 346, 220, 476, 478, 229, 359, 103, 106, 495, 114, 499, 372, 374, 124, 382}
best_rider_2_centroid best_rider_2_obj best_rider_2_radius best_rider_2_act_1 best_rider_2_act_2 best_rider_2_act_3 best_rider_2_area
146 3473.354054743971 3473.354054743971 129.72644370170966 300.2740041719599 0.0 0 0.0
rider 6 = {256, 130, 131, 389, 263, 9, 266, 137, 268, 273, 274, 404, 148, 150, 409, 28, 32, 290, 34, 35, 37, 294, 39, 295, 43, 427, 433, 306, 177, 54, 312, 444, 61, 445, 195, 455, 79, 208, 83, 212, 86, 345, 92, 348, 350, 96, 484, 361, 490, 238, 376, 381, 127}
best_rider_2_centroid best_rider_2_obj best_rider_2_radius best_rider_2_act_1 best_rider_2_act_2 best_rider_2_act_3 best_rider_2_area
9 4895.44845750286 4895.44845750286 149.5649673771968 355.59397949067574 0.0 0 0.0
rider 7 = {260, 12, 15, 147, 21, 411, 412, 423, 424, 425, 167, 44, 428, 176, 315, 316, 189, 193, 199, 329, 75, 331, 204, 463, 336, 338, 211, 468, 218, 93, 349, 352, 480, 355, 101, 230, 360, 107, 364, 365, 110, 368, 112, 498, 244, 375, 379}
best_rider_2_centroid best_rider_2_obj best_rider_2_radius best_rider_2_act_1 best_rider_2_act_2 best_rider_2_act_3 best_rider_2_area
463 3739.8546306256535 3739.8546306256535 127.8103682290442 319.5858944098648 0.0 0 0.0
rider 8 = {385, 390, 7, 264, 8, 10, 391, 396, 399, 16, 19, 278, 280, 281, 27, 417, 41, 169, 173, 304, 307, 179, 313, 314, 64, 66, 330, 458, 332, 77, 78, 465, 341, 342, 87, 470, 471, 90, 91, 472, 94, 222, 353, 483, 228, 358, 104, 232, 236, 492, 115, 120, 125, 126}
best_rider_2_centroid best_rider_2_obj best_rider_2_radius best_rider_2_act_1 best_rider_2_act_2 best_rider_2_act_3 best_rider_2_area
222 5778.916962974867 5778.916962974867 145.92260735718355 352.220734548162 0.0 0 0.0
rider 9 = {0, 384, 259, 5, 136, 395, 140, 14, 142, 403, 20, 22, 24, 283, 30, 415, 158, 33, 416, 163, 420, 165, 429, 432, 53, 310, 181, 59, 319, 63, 447, 451, 72, 201, 459, 76, 333, 339, 467, 214, 88, 351, 223, 100, 105, 234, 491, 366, 496, 242, 119, 380}
best_rider_2_centroid best_rider_2_obj best_rider_2_radius best_rider_2_act_1 best_rider_2_act_2 best_rider_2_act_3 best_rider_2_area
339 4748.052956002461 4748.052956002461 135.72727536116946 340.212346871254 0.0 0 0.0
