instance_name algorithm_name iter_idx best_objective violate_value
L1-DU500-P10-T0.1 -local_search_repaired- 1 43633.962219157474 0
nb_riders nb_polygons
10 500
rider 0 = {257, 1, 388, 391, 392, 10, 398, 146, 281, 26, 155, 158, 287, 159, 289, 418, 292, 164, 421, 296, 41, 42, 46, 47, 432, 305, 49, 180, 57, 187, 188, 65, 450, 68, 196, 454, 77, 78, 466, 84, 471, 346, 474, 476, 222, 478, 481, 229, 486, 103, 248, 378}
best_rider_2_centroid best_rider_2_obj best_rider_2_radius best_rider_2_act_1 best_rider_2_act_2 best_rider_2_act_3 best_rider_2_area
146 3892.3779416907305 3892.3779416907305 144.0331623318123 348.553344331285 0.0 0 0.0
rider 1 = {128, 386, 4, 400, 18, 408, 282, 410, 29, 291, 36, 422, 40, 172, 301, 45, 56, 446, 191, 320, 324, 325, 326, 452, 202, 203, 206, 335, 209, 213, 216, 89, 473, 475, 221, 97, 98, 354, 356, 108, 109, 111, 239, 370, 371, 114, 373, 118, 377, 251}
best_rider_2_centroid best_rider_2_obj best_rider_2_radius best_rider_2_act_1 best_rider_2_act_2 best_rider_2_act_3 best_rider_2_area
282 3819.5911313147794 3819.5911313147794 134.34958391729782 325.78884884724636 0.0 0 0.0
rider 2 = {256, 130, 6, 263, 9, 11, 267, 13, 274, 409, 153, 28, 290, 35, 295, 169, 43, 434, 435, 438, 312, 440, 317, 61, 190, 67, 195, 69, 455, 79, 207, 337, 82, 83, 217, 96, 224, 225, 249, 361, 362, 363, 238, 367, 240, 113, 498, 117, 121, 253, 127}
best_rider_2_centroid best_rider_2_obj best_rider_2_radius best_rider_2_act_1 best_rider_2_act_2 best_rider_2_act_3 best_rider_2_area
61 4337.02641134348 4337.02641134348 144.03705699825088 355.520957426967 0.0 0 0.0
rider 3 = {2, 131, 390, 7, 265, 266, 396, 16, 402, 19, 404, 148, 278, 23, 279, 150, 406, 27, 417, 293, 37, 166, 298, 171, 50, 307, 185, 444, 64, 449, 66, 199, 204, 205, 80, 81, 340, 212, 470, 472, 345, 93, 95, 352, 355, 102, 495, 241, 243, 499, 376, 122}
best_rider_2_centroid best_rider_2_obj best_rider_2_radius best_rider_2_act_1 best_rider_2_act_2 best_rider_2_act_3 best_rider_2_area
266 5676.502986641057 5676.502986641057 145.9516446599569 359.0547417457032 0.0 0 0.0
rider 4 = {132, 133, 134, 393, 137, 139, 272, 275, 276, 149, 25, 154, 285, 419, 38, 426, 300, 173, 303, 177, 52, 181, 322, 453, 70, 327, 71, 456, 200, 460, 462, 210, 341, 342, 87, 344, 215, 90, 226, 228, 485, 233, 116, 245, 246, 120, 381, 126, 255}
best_rider_2_centroid best_rider_2_obj best_rider_2_radius best_rider_2_act_1 best_rider_2_act_2 best_rider_2_act_3 best_rider_2_area
327 4757.87061624157 4757.87061624157 129.99200511574813 317.9368908908271 0.0 0 0.0
rider 5 = {384, 5, 15, 147, 24, 280, 411, 30, 286, 416, 165, 423, 424, 425, 167, 44, 429, 176, 316, 189, 319, 451, 328, 329, 75, 76, 463, 336, 339, 88, 223, 99, 484, 101, 230, 360, 232, 234, 123, 364, 112, 368, 115, 379, 125, 254}
best_rider_2_centroid best_rider_2_obj best_rider_2_radius best_rider_2_act_1 best_rider_2_act_2 best_rider_2_act_3 best_rider_2_area
101 2994.9610599504504 2994.9610599504504 129.55483862233925 303.53917208452566 0.0 0 0.0
rider 6 = {385, 129, 259, 260, 387, 262, 135, 136, 12, 268, 397, 399, 143, 273, 17, 20, 21, 405, 284, 157, 162, 294, 168, 428, 302, 175, 48, 433, 55, 313, 445, 62, 63, 321, 193, 198, 72, 211, 469, 343, 218, 349, 350, 477, 100, 491, 236, 110, 244, 119, 252, 383}
best_rider_2_centroid best_rider_2_obj best_rider_2_radius best_rider_2_act_1 best_rider_2_act_2 best_rider_2_act_3 best_rider_2_area
218 4662.024753874765 4662.024753874765 146.5884914390178 364.9000154968139 0.0 0 0.0
rider 7 = {258, 3, 261, 389, 394, 401, 145, 407, 31, 32, 34, 39, 427, 174, 430, 306, 51, 178, 436, 54, 311, 182, 183, 184, 439, 60, 442, 318, 443, 197, 74, 464, 208, 86, 219, 92, 348, 482, 227, 357, 487, 490, 235, 369, 250}
best_rider_2_centroid best_rider_2_obj best_rider_2_radius best_rider_2_act_1 best_rider_2_act_2 best_rider_2_act_3 best_rider_2_area
219 3617.6808704632385 3617.6808704632385 128.2191449176006 303.5773645452826 0.0 0 0.0
rider 8 = {138, 141, 270, 271, 277, 151, 152, 156, 413, 414, 288, 160, 161, 297, 170, 299, 431, 304, 308, 309, 437, 441, 58, 314, 186, 448, 192, 194, 323, 73, 330, 332, 461, 334, 465, 85, 347, 91, 220, 479, 353, 483, 359, 231, 488, 106, 489, 493, 494, 497, 372, 247, 124, 382}
best_rider_2_centroid best_rider_2_obj best_rider_2_radius best_rider_2_act_1 best_rider_2_act_2 best_rider_2_act_3 best_rider_2_area
488 5661.776604847099 5661.776604847099 138.2164868909254 328.6010298986918 0.0 0 0.0
rider 9 = {0, 264, 8, 395, 140, 269, 14, 142, 144, 403, 22, 283, 412, 415, 33, 163, 420, 179, 53, 310, 59, 315, 447, 457, 458, 331, 459, 333, 201, 338, 467, 468, 214, 94, 351, 480, 358, 104, 105, 107, 492, 365, 366, 237, 496, 242, 374, 375, 380}
best_rider_2_centroid best_rider_2_obj best_rider_2_radius best_rider_2_act_1 best_rider_2_act_2 best_rider_2_act_3 best_rider_2_area
403 4214.149842790307 4214.149842790307 128.83259173889354 327.0540399623249 0.0 0 0.0
