instance_name algorithm_name iter_idx best_objective violate_value
L1-DU500-P10 -local_search_repaired- 3 90119.7955725536 0
nb_riders nb_polygons
10 500
rider 0 = {384, 385, 129, 260, 7, 265, 143, 411, 286, 32, 34, 38, 171, 429, 175, 178, 55, 312, 185, 323, 196, 197, 454, 332, 333, 335, 337, 338, 343, 217, 92, 348, 349, 220, 476, 97, 353, 100, 485, 230, 104, 360, 236, 112, 113, 114, 242, 372, 122}
best_rider_2_centroid best_rider_2_obj best_rider_2_radius best_rider_2_act_1 best_rider_2_act_2 best_rider_2_act_3 best_rider_2_area
265 8737.765340147624 8737.765340147624 131.9632520571897 328.2032346372702 0.0 0 0.0
rider 1 = {257, 132, 388, 262, 135, 266, 396, 19, 151, 156, 415, 162, 421, 166, 42, 172, 45, 46, 433, 308, 310, 311, 56, 441, 187, 445, 319, 447, 65, 68, 70, 71, 72, 200, 202, 203, 206, 83, 341, 470, 471, 344, 346, 474, 221, 481, 354, 358, 486, 367, 496, 246, 119, 126, 255}
best_rider_2_centroid best_rider_2_obj best_rider_2_radius best_rider_2_act_1 best_rider_2_act_2 best_rider_2_act_3 best_rider_2_area
19 10252.789421434321 10252.789421434321 142.38721701804553 344.8312873349107 0.0 0 0.0
rider 2 = {1, 259, 3, 5, 6, 263, 261, 387, 389, 272, 401, 148, 405, 406, 23, 284, 290, 419, 297, 428, 302, 174, 434, 52, 186, 315, 67, 328, 461, 336, 466, 467, 340, 84, 212, 473, 350, 222, 480, 98, 356, 357, 484, 105, 363, 109, 368, 243, 377, 383}
best_rider_2_centroid best_rider_2_obj best_rider_2_radius best_rider_2_act_1 best_rider_2_act_2 best_rider_2_act_3 best_rider_2_area
383 9549.651028317285 9549.651028317285 143.07522126344813 324.2031471068824 0.0 0 0.0
rider 3 = {256, 128, 390, 138, 13, 269, 141, 398, 273, 144, 276, 20, 407, 28, 159, 33, 423, 40, 173, 430, 432, 176, 306, 180, 183, 313, 58, 59, 318, 191, 451, 198, 456, 330, 76, 205, 462, 207, 208, 85, 469, 87, 95, 482, 101, 488, 235, 238, 371}
best_rider_2_centroid best_rider_2_obj best_rider_2_radius best_rider_2_act_1 best_rider_2_act_2 best_rider_2_act_3 best_rider_2_area
95 9187.267242659873 9187.267242659873 137.53032204698445 346.6246669989187 0.0 0 0.0
rider 4 = {130, 137, 394, 268, 17, 404, 279, 409, 412, 157, 163, 164, 293, 294, 299, 300, 177, 179, 437, 54, 182, 184, 314, 443, 317, 446, 193, 66, 194, 450, 455, 457, 331, 80, 82, 216, 472, 477, 223, 224, 225, 355, 229, 232, 233, 234, 107, 494, 116, 117, 245, 120}
best_rider_2_centroid best_rider_2_obj best_rider_2_radius best_rider_2_act_1 best_rider_2_act_2 best_rider_2_act_3 best_rider_2_area
137 8997.057400443753 8997.057400443753 132.63326041517985 317.6969263318231 0.0 0 0.0
rider 5 = {0, 8, 392, 16, 146, 147, 403, 278, 280, 281, 26, 158, 418, 295, 43, 44, 50, 438, 440, 442, 189, 63, 64, 321, 326, 329, 74, 458, 334, 463, 465, 468, 218, 478, 248, 226, 361, 362, 250, 108, 364, 365, 492, 495, 498, 376, 378, 252, 125}
best_rider_2_centroid best_rider_2_obj best_rider_2_radius best_rider_2_act_1 best_rider_2_act_2 best_rider_2_act_3 best_rider_2_area
280 8150.26988968764 8150.26988968764 135.10380158287947 340.31466912622074 0.0 0 0.0
rider 6 = {386, 391, 264, 9, 10, 136, 140, 14, 15, 399, 274, 402, 21, 22, 149, 24, 408, 154, 285, 30, 31, 289, 420, 167, 168, 41, 425, 304, 53, 448, 322, 324, 452, 75, 459, 77, 204, 211, 347, 475, 93, 351, 231, 106, 241, 118, 374, 123, 380, 254}
best_rider_2_centroid best_rider_2_obj best_rider_2_radius best_rider_2_act_1 best_rider_2_act_2 best_rider_2_act_3 best_rider_2_area
380 8712.738755519953 8712.738755519953 140.82012402751698 336.4059673341026 0.0 0 0.0
rider 7 = {134, 393, 267, 270, 145, 18, 150, 153, 29, 414, 416, 35, 36, 292, 169, 301, 303, 48, 49, 305, 435, 436, 309, 316, 188, 62, 192, 449, 69, 325, 73, 209, 215, 91, 219, 94, 479, 96, 99, 102, 103, 487, 366, 239, 240, 497, 370, 247, 382}
best_rider_2_centroid best_rider_2_obj best_rider_2_radius best_rider_2_act_1 best_rider_2_act_2 best_rider_2_act_3 best_rider_2_area
449 9648.99665939434 9648.99665939434 132.58336037674755 328.13947470462534 0.0 0 0.0
rider 8 = {258, 12, 397, 142, 271, 400, 275, 277, 283, 155, 413, 287, 288, 417, 291, 296, 298, 427, 47, 307, 181, 439, 190, 195, 453, 327, 199, 460, 78, 79, 464, 81, 210, 86, 227, 228, 483, 490, 110, 111, 369, 244, 249, 379, 124, 381, 127}
best_rider_2_centroid best_rider_2_obj best_rider_2_radius best_rider_2_act_1 best_rider_2_act_2 best_rider_2_act_3 best_rider_2_area
381 7966.070610339645 7966.070610339645 139.11128959036864 346.27008125506904 0.0 0 0.0
rider 9 = {2, 131, 4, 133, 11, 395, 139, 152, 25, 282, 27, 410, 160, 161, 37, 165, 39, 422, 424, 170, 426, 431, 51, 57, 60, 61, 444, 320, 201, 339, 213, 342, 214, 88, 89, 90, 345, 352, 359, 489, 491, 237, 493, 115, 499, 373, 375, 121, 251, 253}
best_rider_2_centroid best_rider_2_obj best_rider_2_radius best_rider_2_act_1 best_rider_2_act_2 best_rider_2_act_3 best_rider_2_area
131 8917.189224609163 8917.189224609163 134.56715825348235 321.83695039984485 0.0 0 0.0
