instance_name algorithm_name iter_idx best_objective violate_value
L1-DU500-P10-T0.1 -local_search_repaired- 9 45130.718881786066 0
nb_riders nb_polygons
10 500
rider 0 = {386, 131, 393, 138, 139, 271, 400, 402, 413, 161, 300, 52, 308, 437, 439, 186, 60, 449, 322, 323, 324, 194, 70, 327, 452, 200, 202, 460, 206, 340, 341, 342, 215, 344, 217, 216, 475, 479, 483, 109, 493, 239, 241, 370, 371, 117, 120, 381, 255}
best_rider_2_centroid best_rider_2_obj best_rider_2_radius best_rider_2_act_1 best_rider_2_act_2 best_rider_2_act_3 best_rider_2_area
139 4696.275888739491 4696.275888739491 128.05085231765506 307.21378132754677 0.0 0 0.0
rider 1 = {132, 261, 134, 11, 401, 275, 276, 404, 149, 279, 406, 25, 153, 285, 419, 38, 169, 430, 303, 51, 435, 182, 311, 312, 183, 58, 444, 195, 69, 197, 455, 79, 335, 208, 83, 212, 86, 87, 472, 473, 90, 221, 485, 102, 233, 362, 489, 235, 367, 369, 121, 127}
best_rider_2_centroid best_rider_2_obj best_rider_2_radius best_rider_2_act_1 best_rider_2_act_2 best_rider_2_act_3 best_rider_2_area
485 4602.93590413645 4602.93590413645 133.12383712789025 358.53659193053994 0.0 0 0.0
rider 2 = {257, 1, 388, 392, 141, 398, 146, 152, 155, 156, 414, 289, 418, 292, 421, 170, 299, 46, 47, 305, 180, 309, 57, 441, 187, 188, 448, 65, 68, 196, 454, 330, 77, 84, 474, 91, 476, 478, 353, 103, 359, 488, 106, 378, 124, 382}
best_rider_2_centroid best_rider_2_obj best_rider_2_radius best_rider_2_act_1 best_rider_2_act_2 best_rider_2_act_3 best_rider_2_area
68 3242.986436806798 3242.986436806798 126.21506535466257 337.9628912435949 0.0 0 0.0
rider 3 = {391, 264, 8, 10, 16, 19, 22, 26, 27, 287, 415, 159, 164, 296, 41, 42, 173, 304, 49, 432, 53, 314, 59, 315, 450, 72, 457, 332, 78, 334, 462, 81, 465, 466, 85, 88, 346, 347, 220, 351, 95, 481, 99, 229, 358, 486, 104, 105, 365, 366, 495, 242, 499, 247, 252}
best_rider_2_centroid best_rider_2_obj best_rider_2_radius best_rider_2_act_1 best_rider_2_act_2 best_rider_2_act_3 best_rider_2_area
351 6201.707788704224 6201.707788704224 149.37109331339354 355.49194414244647 0.0 0 0.0
rider 4 = {129, 387, 389, 135, 265, 12, 268, 143, 17, 274, 405, 23, 411, 284, 157, 286, 32, 293, 44, 428, 302, 175, 48, 434, 310, 55, 328, 205, 218, 349, 477, 224, 225, 100, 484, 491, 364, 237, 110, 498, 119, 123}
best_rider_2_centroid best_rider_2_obj best_rider_2_radius best_rider_2_act_1 best_rider_2_act_2 best_rider_2_act_3 best_rider_2_area
218 3815.3904074024763 3815.3904074024763 125.76865762853197 301.97405765093356 0.0 0 0.0
rider 5 = {256, 2, 130, 9, 266, 137, 397, 272, 273, 148, 28, 162, 37, 294, 166, 298, 426, 433, 306, 50, 177, 438, 185, 443, 317, 62, 189, 321, 67, 198, 71, 199, 74, 204, 207, 337, 82, 219, 348, 227, 228, 245, 248, 250, 253, 126}
best_rider_2_centroid best_rider_2_obj best_rider_2_radius best_rider_2_act_1 best_rider_2_act_2 best_rider_2_act_3 best_rider_2_area
250 4526.981113835905 4526.981113835905 132.0089760745094 330.281663849799 0.0 0 0.0
rider 6 = {258, 3, 6, 263, 394, 267, 13, 145, 150, 407, 409, 31, 290, 35, 34, 39, 295, 43, 427, 174, 178, 436, 54, 184, 440, 442, 61, 318, 445, 190, 464, 469, 345, 92, 350, 96, 355, 357, 487, 361, 490, 363, 236, 238, 112, 113, 240, 243, 249}
best_rider_2_centroid best_rider_2_obj best_rider_2_radius best_rider_2_act_1 best_rider_2_act_2 best_rider_2_act_3 best_rider_2_area
267 3985.670500850832 3985.670500850832 146.27474841859143 321.1690878224477 0.0 0 0.0
rider 7 = {128, 4, 133, 270, 18, 277, 151, 408, 282, 154, 410, 29, 288, 160, 291, 36, 422, 40, 297, 172, 45, 301, 431, 56, 446, 191, 320, 325, 326, 453, 456, 73, 203, 209, 213, 89, 97, 354, 98, 356, 226, 231, 108, 494, 111, 497, 114, 116, 373, 118, 246, 377, 122, 251}
best_rider_2_centroid best_rider_2_obj best_rider_2_radius best_rider_2_act_1 best_rider_2_act_2 best_rider_2_act_3 best_rider_2_area
282 4615.130560776902 4615.130560776902 133.6995710646572 323.2244583506635 0.0 0 0.0
rider 8 = {0, 5, 390, 395, 140, 269, 14, 396, 142, 147, 403, 21, 24, 283, 412, 30, 158, 33, 420, 168, 425, 424, 429, 176, 307, 179, 313, 316, 63, 451, 201, 458, 75, 76, 333, 459, 461, 80, 339, 468, 470, 471, 214, 93, 94, 223, 480, 101, 232, 107, 496, 115, 372, 374, 379, 380}
best_rider_2_centroid best_rider_2_obj best_rider_2_radius best_rider_2_act_1 best_rider_2_act_2 best_rider_2_act_3 best_rider_2_area
339 4783.738750511506 4783.738750511506 147.3347798076607 361.8558379040152 0.0 0 0.0
rider 9 = {384, 385, 259, 260, 262, 7, 136, 15, 399, 144, 20, 278, 280, 281, 416, 417, 163, 165, 423, 167, 171, 181, 319, 64, 447, 66, 192, 193, 329, 331, 463, 336, 338, 210, 211, 467, 343, 222, 352, 482, 230, 360, 234, 492, 368, 244, 375, 376, 125, 254, 383}
best_rider_2_centroid best_rider_2_obj best_rider_2_radius best_rider_2_act_1 best_rider_2_act_2 best_rider_2_act_3 best_rider_2_area
211 4659.901530021487 4659.901530021487 147.92742552429044 336.8160910076806 0.0 0 0.0
