instance_name algorithm_name iter_idx best_objective violate_value
L1-DU500-P10-T0.1 -local_search_repaired- 4 46269.001121703935 0
nb_riders nb_polygons
10 500
rider 0 = {0, 257, 384, 264, 8, 136, 395, 140, 269, 14, 15, 16, 396, 142, 399, 20, 147, 22, 403, 283, 158, 417, 425, 173, 176, 179, 313, 59, 315, 447, 450, 201, 458, 331, 336, 339, 211, 470, 88, 349, 351, 229, 358, 232, 105, 364, 492, 237, 495, 368, 372, 252, 119, 380}
best_rider_2_centroid best_rider_2_obj best_rider_2_radius best_rider_2_act_1 best_rider_2_act_2 best_rider_2_act_3 best_rider_2_area
14 4928.513039842777 4928.513039842777 149.41379960993206 363.8210169136 0.0 0 0.0
rider 1 = {128, 385, 131, 266, 13, 272, 17, 273, 404, 281, 153, 290, 293, 166, 295, 168, 37, 426, 175, 177, 444, 317, 190, 195, 71, 199, 204, 81, 340, 212, 90, 347, 92, 348, 477, 484, 228, 485, 233, 491, 235, 366, 367, 240, 376, 381, 254, 383}
best_rider_2_centroid best_rider_2_obj best_rider_2_radius best_rider_2_act_1 best_rider_2_act_2 best_rider_2_act_3 best_rider_2_area
272 4792.548819283935 4792.548819283935 132.89882252045564 344.44108432712846 0.0 0 0.0
rider 2 = {132, 134, 137, 11, 401, 275, 149, 25, 285, 36, 38, 40, 300, 45, 172, 51, 435, 182, 439, 185, 442, 443, 60, 446, 320, 321, 67, 324, 197, 70, 202, 460, 335, 464, 207, 83, 86, 473, 217, 479, 226, 356, 108, 113, 371, 117, 253, 255}
best_rider_2_centroid best_rider_2_obj best_rider_2_radius best_rider_2_act_1 best_rider_2_act_2 best_rider_2_act_3 best_rider_2_area
300 4907.5892586531945 4907.5892586531945 132.47540219621172 314.87597004354177 0.0 0 0.0
rider 3 = {4, 261, 133, 393, 138, 270, 271, 400, 408, 282, 29, 414, 287, 288, 161, 297, 171, 301, 52, 181, 56, 58, 186, 64, 192, 196, 452, 200, 73, 203, 462, 342, 344, 216, 474, 475, 221, 97, 354, 231, 489, 109, 493, 111, 494, 370, 499, 116}
best_rider_2_centroid best_rider_2_obj best_rider_2_radius best_rider_2_act_1 best_rider_2_act_2 best_rider_2_act_3 best_rider_2_area
270 5074.8725452521585 5074.8725452521585 129.43172796027733 319.07098834950875 0.0 0 0.0
rider 4 = {258, 3, 130, 389, 6, 263, 9, 394, 267, 268, 145, 150, 409, 31, 32, 34, 294, 169, 43, 427, 302, 433, 306, 178, 436, 54, 183, 312, 184, 61, 318, 62, 74, 208, 82, 469, 343, 350, 96, 225, 355, 227, 249, 361, 362, 363, 490, 369, 243, 121}
best_rider_2_centroid best_rider_2_obj best_rider_2_radius best_rider_2_act_1 best_rider_2_act_2 best_rider_2_act_3 best_rider_2_area
362 3905.8858802628943 3905.8858802628943 146.07456171291773 331.3081271893736 0.0 0 0.0
rider 5 = {386, 139, 18, 402, 276, 406, 279, 151, 410, 154, 156, 413, 160, 291, 419, 422, 298, 170, 430, 303, 431, 437, 311, 191, 448, 449, 322, 323, 194, 325, 326, 327, 453, 456, 206, 209, 213, 87, 215, 89, 98, 102, 239, 118, 246, 377, 122, 251}
best_rider_2_centroid best_rider_2_obj best_rider_2_radius best_rider_2_act_1 best_rider_2_act_2 best_rider_2_act_3 best_rider_2_area
139 4556.846981853116 4556.846981853116 124.29397824261108 301.704655222304 0.0 0 0.0
rider 6 = {256, 129, 387, 260, 262, 12, 397, 143, 274, 148, 23, 407, 28, 284, 162, 35, 39, 174, 48, 434, 438, 55, 440, 445, 189, 451, 69, 198, 455, 75, 205, 79, 80, 337, 214, 345, 219, 93, 352, 224, 482, 357, 487, 238, 112, 498, 244, 245, 250, 125, 127}
best_rider_2_centroid best_rider_2_obj best_rider_2_radius best_rider_2_act_1 best_rider_2_act_2 best_rider_2_act_3 best_rider_2_area
434 4778.299956863232 4778.299956863232 135.66463159667924 335.0125607560891 0.0 0 0.0
rider 7 = {2, 390, 7, 391, 265, 10, 19, 278, 280, 152, 26, 27, 415, 33, 418, 420, 41, 299, 50, 308, 309, 180, 314, 319, 63, 66, 76, 77, 333, 78, 461, 338, 210, 466, 341, 472, 91, 94, 95, 222, 353, 478, 103, 104, 365, 115, 374, 120, 379, 124, 126}
best_rider_2_centroid best_rider_2_obj best_rider_2_radius best_rider_2_act_1 best_rider_2_act_2 best_rider_2_act_3 best_rider_2_area
390 5438.889653317085 5438.889653317085 142.80063831839215 342.4265983236249 0.0 0 0.0
rider 8 = {1, 388, 392, 141, 398, 146, 277, 155, 159, 289, 292, 164, 421, 296, 42, 46, 47, 304, 305, 49, 432, 57, 441, 187, 188, 65, 68, 454, 457, 330, 332, 334, 465, 84, 85, 471, 346, 476, 220, 223, 481, 483, 486, 359, 488, 106, 497, 114, 241, 373, 247, 248, 378, 382}
best_rider_2_centroid best_rider_2_obj best_rider_2_radius best_rider_2_act_1 best_rider_2_act_2 best_rider_2_act_3 best_rider_2_area
68 4461.845820099092 4461.845820099092 141.06678427806534 356.899312635405 0.0 0 0.0
rider 9 = {259, 5, 135, 144, 21, 405, 24, 411, 412, 157, 30, 286, 416, 163, 165, 167, 424, 423, 44, 429, 428, 307, 53, 310, 316, 193, 72, 329, 328, 459, 463, 467, 468, 218, 480, 99, 100, 101, 230, 360, 234, 107, 236, 110, 496, 242, 375, 123}
best_rider_2_centroid best_rider_2_obj best_rider_2_radius best_rider_2_act_1 best_rider_2_act_2 best_rider_2_act_3 best_rider_2_area
24 3423.709166276448 3423.709166276448 135.65466019630023 324.96609146909196 0.0 0 0.0
