instance_name algorithm_name iter_idx best_objective violate_value
L1-DU500-P10-T0.1 -local_search_repaired- 7 45705.1729249677 0
nb_riders nb_polygons
10 500
rider 0 = {387, 6, 263, 9, 394, 267, 397, 145, 150, 409, 284, 32, 290, 294, 39, 43, 302, 174, 433, 306, 435, 436, 61, 62, 321, 69, 205, 207, 464, 469, 343, 219, 92, 348, 350, 96, 482, 355, 357, 487, 110, 238, 240, 113, 243, 127}
best_rider_2_centroid best_rider_2_obj best_rider_2_radius best_rider_2_act_1 best_rider_2_act_2 best_rider_2_act_3 best_rider_2_area
39 3588.3137840459076 3588.3137840459076 140.9862988806436 319.81700520803116 0.0 0 0.0
rider 1 = {129, 258, 12, 143, 273, 274, 148, 23, 162, 35, 37, 295, 177, 178, 434, 54, 438, 312, 182, 184, 185, 442, 443, 318, 67, 198, 455, 74, 462, 463, 337, 83, 341, 86, 472, 218, 224, 225, 248, 227, 231, 233, 371, 245, 376, 253, 251, 381, 383}
best_rider_2_centroid best_rider_2_obj best_rider_2_radius best_rider_2_act_1 best_rider_2_act_2 best_rider_2_act_3 best_rider_2_area
273 5343.584947112709 5343.584947112709 126.04147611164296 353.29102657667886 0.0 0 0.0
rider 2 = {386, 134, 11, 139, 18, 279, 410, 154, 29, 285, 291, 36, 419, 422, 40, 300, 45, 301, 430, 431, 51, 311, 60, 446, 320, 324, 325, 326, 452, 197, 200, 202, 460, 209, 213, 215, 216, 475, 98, 356, 485, 102, 361, 108, 109, 493, 367, 116, 117, 118, 255}
best_rider_2_centroid best_rider_2_obj best_rider_2_radius best_rider_2_act_1 best_rider_2_act_2 best_rider_2_act_3 best_rider_2_area
386 3755.6104943337295 3755.6104943337295 131.77376379617445 332.44729289850596 0.0 0 0.0
rider 3 = {256, 384, 2, 3, 4, 390, 7, 265, 266, 393, 137, 272, 16, 276, 278, 406, 281, 27, 28, 293, 166, 168, 298, 171, 426, 173, 304, 50, 314, 444, 445, 64, 448, 66, 199, 204, 80, 81, 338, 87, 345, 90, 95, 228, 235, 369, 370, 499, 246, 250}
best_rider_2_centroid best_rider_2_obj best_rider_2_radius best_rider_2_act_1 best_rider_2_act_2 best_rider_2_act_3 best_rider_2_area
95 4649.683804340701 4649.683804340701 147.02466491861708 319.0221980013929 0.0 0 0.0
rider 4 = {0, 1, 385, 388, 391, 8, 264, 395, 269, 142, 22, 26, 283, 155, 158, 287, 159, 420, 421, 164, 296, 41, 42, 432, 305, 181, 59, 187, 319, 450, 451, 328, 201, 457, 459, 333, 461, 465, 467, 84, 470, 471, 346, 474, 222, 351, 353, 359, 492, 374, 119, 124, 254}
best_rider_2_centroid best_rider_2_obj best_rider_2_radius best_rider_2_act_1 best_rider_2_act_2 best_rider_2_act_3 best_rider_2_area
346 5356.330098913913 5356.330098913913 144.7047435861225 342.5849675822211 0.0 0 0.0
rider 5 = {138, 270, 271, 400, 402, 277, 151, 408, 282, 413, 414, 288, 160, 161, 297, 170, 172, 308, 52, 437, 56, 441, 186, 188, 191, 192, 449, 322, 456, 73, 203, 332, 77, 206, 342, 344, 221, 478, 97, 226, 483, 481, 103, 488, 106, 111, 114, 372, 373, 122, 382}
best_rider_2_centroid best_rider_2_obj best_rider_2_radius best_rider_2_act_1 best_rider_2_act_2 best_rider_2_act_3 best_rider_2_area
437 5070.76027598197 5070.76027598197 128.45556588742943 314.9037219423173 0.0 0 0.0
rider 6 = {130, 132, 261, 389, 268, 13, 401, 275, 404, 149, 407, 25, 153, 31, 34, 38, 169, 427, 303, 439, 440, 183, 317, 190, 194, 195, 453, 70, 327, 71, 335, 79, 208, 82, 340, 212, 217, 473, 479, 249, 489, 362, 363, 490, 497, 498, 121}
best_rider_2_centroid best_rider_2_obj best_rider_2_radius best_rider_2_act_1 best_rider_2_act_2 best_rider_2_act_3 best_rider_2_area
217 4444.243828074726 4444.243828074726 127.80305109980999 313.53206870062263 0.0 0 0.0
rider 7 = {257, 131, 133, 392, 10, 141, 398, 146, 19, 152, 156, 289, 418, 292, 299, 46, 47, 49, 180, 309, 57, 58, 65, 323, 68, 196, 454, 330, 78, 334, 466, 210, 85, 89, 91, 347, 476, 220, 354, 229, 486, 494, 239, 495, 241, 247, 120, 377, 378}
best_rider_2_centroid best_rider_2_obj best_rider_2_radius best_rider_2_act_1 best_rider_2_act_2 best_rider_2_act_3 best_rider_2_area
152 4849.914553467905 4849.914553467905 139.45615806152446 340.8054089051794 0.0 0 0.0
rider 8 = {259, 260, 5, 262, 140, 396, 14, 15, 399, 144, 403, 20, 21, 147, 280, 24, 412, 415, 33, 417, 167, 425, 428, 429, 307, 179, 53, 310, 313, 315, 189, 193, 336, 339, 468, 93, 223, 358, 230, 232, 105, 234, 491, 496, 115, 244, 375, 123, 126}
best_rider_2_centroid best_rider_2_obj best_rider_2_radius best_rider_2_act_1 best_rider_2_act_2 best_rider_2_act_3 best_rider_2_area
425 3965.042872750956 3965.042872750956 138.58595810187518 343.667730869197 0.0 0 0.0
rider 9 = {128, 135, 136, 17, 405, 411, 157, 30, 286, 416, 163, 165, 423, 424, 44, 175, 48, 176, 55, 316, 63, 447, 72, 329, 458, 75, 76, 331, 211, 214, 88, 349, 94, 477, 480, 352, 99, 100, 101, 484, 104, 360, 107, 364, 365, 366, 236, 368, 112, 237, 242, 252, 379, 380, 125}
best_rider_2_centroid best_rider_2_obj best_rider_2_radius best_rider_2_act_1 best_rider_2_act_2 best_rider_2_act_3 best_rider_2_area
136 4681.688265945183 4681.688265945183 144.943326188003 354.4549845455215 0.0 0 0.0
