instance_name algorithm_name iter_idx best_objective violate_value
L1-DU500-P10 -local_search_repaired- 5 90273.57343003785 0
nb_riders nb_polygons
10 500
rider 0 = {385, 130, 400, 274, 147, 404, 278, 409, 27, 411, 293, 168, 428, 305, 306, 182, 183, 438, 314, 443, 193, 322, 194, 69, 76, 80, 341, 214, 472, 474, 477, 482, 99, 357, 229, 486, 360, 491, 109, 494, 496, 498, 249, 250, 123, 252, 254, 383}
best_rider_2_centroid best_rider_2_obj best_rider_2_radius best_rider_2_act_1 best_rider_2_act_2 best_rider_2_act_3 best_rider_2_area
293 7703.477155797929 7703.477155797929 135.78486577027323 327.4591808400535 0.0 0 0.0
rider 1 = {145, 277, 407, 151, 282, 285, 286, 415, 32, 290, 34, 37, 167, 296, 169, 301, 177, 308, 57, 442, 318, 447, 67, 324, 453, 198, 327, 199, 74, 332, 460, 206, 79, 465, 86, 345, 219, 476, 475, 354, 483, 484, 359, 492, 367, 112, 113, 368, 240, 247, 378, 382}
best_rider_2_centroid best_rider_2_obj best_rider_2_radius best_rider_2_act_1 best_rider_2_act_2 best_rider_2_act_3 best_rider_2_area
177 9809.36539645464 9809.36539645464 141.49529744142123 345.90419069652575 0.0 0 0.0
rider 2 = {128, 4, 270, 143, 276, 406, 281, 25, 412, 413, 161, 292, 421, 423, 297, 42, 170, 426, 172, 173, 307, 52, 180, 437, 441, 186, 59, 317, 445, 65, 195, 455, 457, 78, 208, 81, 85, 216, 218, 221, 223, 97, 226, 488, 489, 362, 237, 110, 495, 242, 499, 373, 127}
best_rider_2_centroid best_rider_2_obj best_rider_2_radius best_rider_2_act_1 best_rider_2_act_2 best_rider_2_act_3 best_rider_2_area
406 8916.729058815927 8916.729058815927 139.37825213230204 338.00993466020367 0.0 0 0.0
rider 3 = {132, 5, 262, 263, 8, 390, 10, 146, 279, 289, 291, 163, 420, 425, 427, 46, 302, 432, 50, 311, 56, 184, 315, 316, 187, 444, 63, 446, 192, 326, 456, 331, 75, 204, 337, 211, 342, 471, 473, 92, 220, 96, 121, 225, 232, 108, 245, 377, 251}
best_rider_2_centroid best_rider_2_obj best_rider_2_radius best_rider_2_act_1 best_rider_2_act_2 best_rider_2_act_3 best_rider_2_area
50 9380.025573752573 9380.025573752573 135.6509320949527 336.8256172866961 0.0 0 0.0
rider 4 = {134, 7, 264, 266, 11, 139, 397, 141, 18, 405, 154, 155, 159, 38, 39, 171, 47, 304, 181, 55, 439, 440, 319, 450, 68, 70, 454, 73, 462, 463, 464, 209, 84, 340, 87, 88, 217, 93, 95, 479, 228, 101, 105, 234, 493, 497, 114, 116, 125, 246, 119, 120, 381}
best_rider_2_centroid best_rider_2_obj best_rider_2_radius best_rider_2_act_1 best_rider_2_act_2 best_rider_2_act_3 best_rider_2_area
381 9843.053273345427 9843.053273345427 133.12450678983902 333.66219449582707 0.0 0 0.0
rider 5 = {0, 384, 386, 131, 136, 12, 396, 14, 15, 403, 20, 149, 280, 283, 157, 30, 287, 288, 33, 31, 158, 416, 162, 165, 298, 300, 45, 176, 436, 53, 313, 321, 201, 77, 333, 336, 339, 468, 215, 348, 350, 222, 353, 98, 103, 104, 364, 238, 372, 244, 118, 248, 379, 124, 255}
best_rider_2_centroid best_rider_2_obj best_rider_2_radius best_rider_2_act_1 best_rider_2_act_2 best_rider_2_act_3 best_rider_2_area
280 9784.296698532555 9784.296698532555 142.484921380949 346.07364350504 0.0 0 0.0
rider 6 = {1, 257, 133, 392, 138, 140, 142, 271, 16, 399, 19, 21, 152, 153, 29, 160, 174, 430, 49, 433, 51, 435, 310, 60, 188, 190, 191, 66, 323, 458, 202, 334, 210, 212, 469, 213, 94, 480, 481, 355, 485, 231, 365, 122, 126}
best_rider_2_centroid best_rider_2_obj best_rider_2_radius best_rider_2_act_1 best_rider_2_act_2 best_rider_2_act_3 best_rider_2_area
66 8618.748079572346 8618.748079572346 137.96258734979 320.03562470962106 0.0 0 0.0
rider 7 = {256, 129, 2, 387, 260, 269, 13, 402, 22, 414, 417, 418, 164, 422, 424, 41, 299, 44, 431, 58, 320, 64, 448, 451, 196, 325, 197, 71, 328, 72, 459, 205, 338, 82, 344, 478, 356, 102, 358, 487, 107, 235, 236, 111, 369, 241}
best_rider_2_centroid best_rider_2_obj best_rider_2_radius best_rider_2_act_1 best_rider_2_act_2 best_rider_2_act_3 best_rider_2_area
2 8819.425794078354 8819.425794078354 133.23713213544104 332.14202820560143 0.0 0 0.0
rider 8 = {258, 259, 6, 391, 9, 265, 267, 268, 394, 144, 17, 150, 23, 24, 26, 410, 284, 419, 36, 166, 295, 43, 175, 434, 179, 185, 61, 449, 452, 329, 203, 461, 335, 467, 470, 343, 89, 90, 349, 351, 352, 224, 227, 233, 490, 366, 370, 115, 243, 374, 375, 253}
best_rider_2_centroid best_rider_2_obj best_rider_2_radius best_rider_2_act_1 best_rider_2_act_2 best_rider_2_act_3 best_rider_2_area
224 8777.2265977445 8777.2265977445 137.05422949562208 332.2446161972488 0.0 0 0.0
rider 9 = {3, 388, 261, 389, 135, 393, 137, 395, 398, 272, 273, 401, 275, 148, 408, 28, 156, 35, 294, 40, 429, 303, 48, 178, 309, 54, 312, 189, 62, 200, 330, 207, 466, 83, 346, 347, 91, 100, 230, 361, 106, 363, 239, 371, 117, 376, 380}
best_rider_2_centroid best_rider_2_obj best_rider_2_radius best_rider_2_act_1 best_rider_2_act_2 best_rider_2_act_3 best_rider_2_area
272 8621.225801943601 8621.225801943601 133.60228204125224 322.1693746328501 0.0 0 0.0
