instance_name algorithm_name iter_idx best_objective violate_value
L1-DU500-P10-T0.1 -local_search_repaired- 0 42816.36852951819 0
nb_riders nb_polygons
10 500
rider 0 = {2, 390, 264, 10, 266, 138, 395, 142, 16, 22, 281, 155, 415, 33, 299, 171, 304, 49, 432, 437, 181, 313, 314, 444, 448, 461, 78, 334, 462, 465, 338, 466, 340, 342, 94, 95, 222, 223, 228, 229, 486, 233, 491, 237, 124, 496, 242, 247, 380, 126}
best_rider_2_centroid best_rider_2_obj best_rider_2_radius best_rider_2_act_1 best_rider_2_act_2 best_rider_2_act_3 best_rider_2_area
390 4948.139582472214 4948.139582472214 139.82113976249494 348.3933702970151 0.0 0 0.0
rider 1 = {256, 385, 130, 263, 391, 265, 9, 137, 12, 13, 397, 272, 273, 145, 404, 409, 417, 290, 293, 166, 295, 168, 426, 175, 433, 50, 434, 177, 440, 185, 317, 190, 67, 195, 69, 455, 80, 211, 212, 469, 345, 90, 96, 225, 484, 113, 244, 253, 383}
best_rider_2_centroid best_rider_2_obj best_rider_2_radius best_rider_2_act_1 best_rider_2_act_2 best_rider_2_act_3 best_rider_2_area
273 4590.213085746598 4590.213085746598 145.55959303773236 327.4951600946572 0.0 0 0.0
rider 2 = {0, 131, 7, 141, 398, 146, 19, 406, 151, 27, 156, 414, 288, 161, 418, 421, 41, 298, 170, 308, 52, 58, 64, 449, 66, 323, 196, 454, 199, 457, 332, 81, 210, 341, 87, 344, 472, 347, 351, 483, 488, 495, 499, 246, 120, 381, 382}
best_rider_2_centroid best_rider_2_obj best_rider_2_radius best_rider_2_act_1 best_rider_2_act_2 best_rider_2_act_3 best_rider_2_area
120 4710.494998705259 4710.494998705259 133.34718554064227 313.46892939744157 0.0 0 0.0
rider 3 = {387, 262, 6, 268, 143, 17, 274, 148, 150, 23, 28, 284, 157, 162, 35, 294, 39, 43, 302, 174, 48, 438, 445, 62, 321, 328, 74, 205, 464, 218, 219, 92, 349, 93, 348, 477, 224, 482, 355, 230, 487, 361, 363, 364, 238, 240, 243, 249, 250}
best_rider_2_centroid best_rider_2_obj best_rider_2_radius best_rider_2_act_1 best_rider_2_act_2 best_rider_2_act_3 best_rider_2_area
268 4532.727802088705 4532.727802088705 135.7821924136252 340.3943998764738 0.0 0 0.0
rider 4 = {258, 3, 389, 394, 267, 401, 407, 153, 31, 32, 37, 427, 430, 306, 178, 436, 54, 311, 312, 182, 183, 184, 60, 61, 318, 439, 442, 443, 70, 335, 207, 208, 82, 86, 473, 217, 350, 227, 102, 362, 490, 367, 369, 117, 245, 121, 122, 127}
best_rider_2_centroid best_rider_2_obj best_rider_2_radius best_rider_2_act_1 best_rider_2_act_2 best_rider_2_act_3 best_rider_2_area
369 3686.895041422798 3686.895041422798 133.14109898752088 333.7109179729787 0.0 0 0.0
rider 5 = {386, 132, 261, 134, 11, 275, 276, 149, 279, 25, 154, 29, 285, 413, 34, 419, 36, 38, 422, 40, 169, 300, 301, 303, 51, 435, 320, 194, 325, 326, 327, 71, 197, 453, 206, 79, 209, 83, 213, 215, 475, 98, 485, 489, 235, 109, 493, 371, 116}
best_rider_2_centroid best_rider_2_obj best_rider_2_radius best_rider_2_act_1 best_rider_2_act_2 best_rider_2_act_3 best_rider_2_area
371 3973.0033834387323 3973.0033834387323 126.09073927908337 326.1093922527384 0.0 0 0.0
rider 6 = {257, 1, 388, 8, 392, 152, 26, 158, 287, 159, 289, 292, 420, 164, 296, 42, 173, 46, 47, 305, 180, 309, 57, 441, 59, 187, 188, 192, 65, 322, 450, 68, 201, 330, 77, 84, 85, 471, 346, 91, 474, 220, 476, 478, 353, 481, 358, 103, 359, 492, 241, 372, 374, 248, 378}
best_rider_2_centroid best_rider_2_obj best_rider_2_radius best_rider_2_act_1 best_rider_2_act_2 best_rider_2_act_3 best_rider_2_area
257 4604.0259228388795 4604.0259228388795 145.09662999067953 357.15303500134036 0.0 0 0.0
rider 7 = {128, 4, 133, 393, 139, 270, 271, 400, 18, 402, 277, 408, 282, 410, 160, 291, 297, 172, 45, 431, 56, 186, 446, 191, 324, 452, 456, 73, 200, 202, 203, 460, 216, 89, 221, 479, 97, 354, 226, 356, 231, 106, 108, 494, 111, 239, 497, 114, 370, 373, 118, 377, 251, 255}
best_rider_2_centroid best_rider_2_obj best_rider_2_radius best_rider_2_act_1 best_rider_2_act_2 best_rider_2_act_3 best_rider_2_area
73 4031.67956121134 4031.67956121134 136.7524180632092 325.11095961706764 0.0 0 0.0
rider 8 = {384, 129, 259, 260, 135, 136, 399, 20, 21, 278, 405, 280, 411, 412, 286, 165, 423, 424, 55, 63, 193, 451, 198, 204, 333, 463, 336, 337, 467, 343, 88, 375, 352, 101, 357, 360, 232, 107, 236, 110, 498, 119, 376, 252, 125}
best_rider_2_centroid best_rider_2_obj best_rider_2_radius best_rider_2_act_1 best_rider_2_act_2 best_rider_2_act_3 best_rider_2_area
463 3868.0184207963866 3868.0184207963866 125.07421390057027 306.7154826340676 0.0 0 0.0
rider 9 = {5, 140, 269, 14, 15, 396, 144, 147, 403, 24, 283, 30, 416, 163, 167, 425, 44, 428, 429, 176, 307, 179, 53, 310, 315, 316, 189, 319, 447, 72, 329, 458, 75, 76, 331, 459, 339, 468, 470, 214, 480, 99, 100, 104, 105, 234, 365, 366, 112, 368, 115, 379, 123, 254}
best_rider_2_centroid best_rider_2_obj best_rider_2_radius best_rider_2_act_1 best_rider_2_act_2 best_rider_2_act_3 best_rider_2_area
15 3871.17073079728 3871.17073079728 149.10979565628458 355.97475808588734 0.0 0 0.0
