instance_name algorithm_name iter_idx best_objective violate_value
L1-DU500-P10 -local_search_repaired- 8 77338.91088702812 0
nb_riders nb_polygons
10 500
rider 0 = {256, 5, 391, 140, 396, 14, 15, 143, 411, 159, 289, 417, 163, 164, 37, 294, 423, 424, 425, 302, 46, 304, 431, 433, 435, 310, 438, 313, 186, 315, 319, 193, 327, 329, 201, 458, 462, 336, 94, 478, 222, 354, 226, 101, 360, 232, 490, 495, 496, 242, 499, 244}
best_rider_2_centroid best_rider_2_obj best_rider_2_radius best_rider_2_act_1 best_rider_2_act_2 best_rider_2_act_3 best_rider_2_area
244 8533.698118781103 8533.698118781103 134.85304309398464 328.04160637632 0.0 0 0.0
rider 1 = {258, 130, 132, 261, 394, 268, 272, 145, 402, 276, 404, 279, 407, 408, 285, 31, 161, 291, 426, 300, 301, 434, 51, 436, 437, 311, 187, 443, 190, 321, 324, 197, 70, 74, 76, 206, 208, 209, 466, 212, 86, 90, 229, 105, 234, 235, 364, 492, 493, 367, 241, 370, 371, 247, 121, 123}
best_rider_2_centroid best_rider_2_obj best_rider_2_radius best_rider_2_act_1 best_rider_2_act_2 best_rider_2_act_3 best_rider_2_area
70 8905.018907266298 8905.018907266298 142.49251678250553 342.1661969698633 0.0 0 0.0
rider 2 = {2, 131, 133, 137, 266, 269, 142, 399, 146, 152, 281, 155, 288, 298, 303, 182, 441, 314, 442, 317, 318, 66, 325, 453, 71, 455, 460, 204, 463, 83, 341, 472, 217, 346, 474, 477, 95, 361, 489, 109, 369, 497, 116, 372, 118, 248, 250, 251, 382}
best_rider_2_centroid best_rider_2_obj best_rider_2_radius best_rider_2_act_1 best_rider_2_act_2 best_rider_2_act_3 best_rider_2_area
298 7305.571739459275 7305.571739459275 139.4077887892712 340.29594063661114 0.0 0 0.0
rider 3 = {1, 255, 4, 393, 11, 270, 398, 400, 18, 275, 406, 153, 282, 154, 413, 160, 418, 293, 297, 170, 427, 173, 308, 54, 439, 312, 185, 322, 194, 68, 73, 202, 335, 207, 465, 216, 221, 357, 102, 485, 231, 488, 233, 111, 115, 252, 374, 120, 253, 380, 125, 127}
best_rider_2_centroid best_rider_2_obj best_rider_2_radius best_rider_2_act_1 best_rider_2_act_2 best_rider_2_act_3 best_rider_2_area
194 8544.125213095003 8544.125213095003 132.6600617274493 319.76222581981784 0.0 0 0.0
rider 4 = {384, 385, 3, 6, 9, 265, 267, 12, 397, 273, 274, 405, 150, 28, 157, 32, 290, 162, 166, 167, 43, 50, 179, 184, 189, 199, 72, 331, 459, 469, 214, 343, 470, 345, 220, 93, 223, 224, 225, 99, 100, 483, 359, 487, 107, 366, 110, 373, 375, 122, 379}
best_rider_2_centroid best_rider_2_obj best_rider_2_radius best_rider_2_act_1 best_rider_2_act_2 best_rider_2_act_3 best_rider_2_area
28 7302.969633322852 7302.969633322852 143.70128033704245 342.40332747120743 0.0 0 0.0
rider 5 = {0, 259, 389, 262, 13, 147, 23, 284, 286, 415, 416, 168, 44, 429, 174, 175, 48, 306, 307, 55, 59, 316, 445, 63, 450, 198, 75, 77, 78, 79, 80, 81, 339, 211, 219, 92, 349, 348, 476, 352, 482, 484, 358, 363, 365, 368, 243, 119, 381}
best_rider_2_centroid best_rider_2_obj best_rider_2_radius best_rider_2_act_1 best_rider_2_act_2 best_rider_2_act_3 best_rider_2_area
198 6836.72133742675 6836.72133742675 131.11842990522916 332.5461386727472 0.0 0 0.0
rider 6 = {263, 8, 10, 141, 271, 16, 19, 277, 22, 26, 158, 414, 419, 296, 42, 47, 432, 49, 180, 53, 309, 56, 57, 188, 448, 65, 323, 454, 200, 332, 461, 210, 85, 342, 87, 215, 89, 351, 480, 353, 481, 227, 356, 103, 491, 112, 113, 249, 378, 124}
best_rider_2_centroid best_rider_2_obj best_rider_2_radius best_rider_2_act_1 best_rider_2_act_2 best_rider_2_act_3 best_rider_2_area
481 7752.4725198586 7752.4725198586 140.4621867159299 337.49313453999656 0.0 0 0.0
rider 7 = {386, 139, 151, 25, 156, 29, 422, 39, 40, 169, 299, 172, 45, 430, 52, 183, 58, 60, 446, 447, 320, 192, 452, 326, 456, 203, 464, 82, 467, 340, 213, 471, 473, 475, 350, 479, 108, 494, 239, 114, 498, 117, 245, 376, 377, 383}
best_rider_2_centroid best_rider_2_obj best_rider_2_radius best_rider_2_act_1 best_rider_2_act_2 best_rider_2_act_3 best_rider_2_area
456 6911.873017975648 6911.873017975648 138.07390123555444 321.41343543502205 0.0 0 0.0
rider 8 = {129, 387, 134, 135, 264, 138, 17, 401, 21, 278, 149, 409, 410, 34, 35, 292, 36, 38, 295, 421, 305, 177, 178, 440, 444, 61, 191, 64, 449, 67, 69, 328, 457, 330, 205, 334, 344, 218, 347, 91, 96, 98, 228, 486, 362, 236, 238, 240}
best_rider_2_centroid best_rider_2_obj best_rider_2_radius best_rider_2_act_1 best_rider_2_act_2 best_rider_2_act_3 best_rider_2_area
228 8410.334234335573 8410.334234335573 131.7725054086498 326.5305385801873 0.0 0 0.0
rider 9 = {128, 257, 260, 388, 390, 7, 392, 136, 395, 144, 403, 20, 148, 280, 24, 283, 27, 412, 30, 287, 33, 420, 165, 41, 171, 428, 176, 181, 62, 451, 195, 196, 333, 337, 338, 84, 468, 88, 97, 355, 230, 104, 106, 237, 246, 254, 126}
best_rider_2_centroid best_rider_2_obj best_rider_2_radius best_rider_2_act_1 best_rider_2_act_2 best_rider_2_act_3 best_rider_2_area
280 6836.126165507012 6836.126165507012 135.23329263622617 343.87386072789485 0.0 0 0.0
