instance_name algorithm_name iter_idx best_objective violate_value
L1-DU500-P10 -local_search_repaired- 0 91820.8005112791 0
nb_riders nb_polygons
10 500
rider 0 = {387, 389, 264, 266, 399, 147, 149, 406, 24, 409, 411, 284, 156, 291, 164, 171, 44, 301, 428, 178, 434, 308, 438, 189, 446, 191, 451, 77, 334, 464, 339, 211, 346, 218, 348, 475, 375, 356, 484, 360, 377, 362, 107, 237, 112, 115, 119, 376, 121, 253, 126}
best_rider_2_centroid best_rider_2_obj best_rider_2_radius best_rider_2_act_1 best_rider_2_act_2 best_rider_2_act_3 best_rider_2_area
376 9339.577326326904 9339.577326326904 141.40518939962456 330.44192156062104 0.0 0 0.0
rider 1 = {0, 2, 5, 138, 396, 269, 397, 273, 145, 275, 276, 148, 407, 26, 155, 158, 160, 289, 292, 293, 431, 305, 51, 437, 55, 186, 318, 448, 66, 195, 196, 326, 199, 328, 456, 75, 332, 331, 336, 465, 467, 213, 471, 89, 217, 481, 357, 232, 490, 491, 125, 254, 383}
best_rider_2_centroid best_rider_2_obj best_rider_2_radius best_rider_2_act_1 best_rider_2_act_2 best_rider_2_act_3 best_rider_2_area
2 9822.629898417785 9822.629898417785 140.25015378076205 349.51372320485723 0.0 0 0.0
rider 2 = {388, 262, 263, 402, 277, 410, 412, 414, 290, 419, 37, 296, 426, 427, 175, 176, 179, 439, 312, 184, 441, 315, 61, 63, 71, 200, 329, 78, 335, 206, 209, 338, 87, 88, 343, 349, 479, 97, 228, 102, 359, 486, 487, 489, 363, 234, 109, 235, 240, 498, 499, 116, 251}
best_rider_2_centroid best_rider_2_obj best_rider_2_radius best_rider_2_act_1 best_rider_2_act_2 best_rider_2_act_3 best_rider_2_area
228 9678.471963734684 9678.471963734684 138.4476333330705 330.09770666529647 0.0 0 0.0
rider 3 = {129, 258, 7, 265, 12, 141, 270, 398, 151, 154, 31, 32, 288, 416, 35, 161, 177, 306, 440, 59, 187, 317, 452, 325, 72, 201, 330, 74, 463, 470, 215, 220, 93, 477, 222, 352, 225, 226, 99, 100, 227, 483, 229, 488, 493, 114, 372, 250, 381}
best_rider_2_centroid best_rider_2_obj best_rider_2_radius best_rider_2_act_1 best_rider_2_act_2 best_rider_2_act_3 best_rider_2_area
381 8834.29285589191 8834.29285589191 136.44935506304253 319.38088674698156 0.0 0 0.0
rider 4 = {1, 135, 8, 137, 140, 14, 16, 21, 280, 27, 29, 36, 166, 38, 295, 425, 43, 300, 45, 430, 47, 304, 48, 50, 309, 181, 56, 58, 319, 322, 454, 202, 203, 462, 83, 86, 223, 224, 101, 358, 105, 366, 110, 238, 113, 374, 118, 378, 379, 382}
best_rider_2_centroid best_rider_2_obj best_rider_2_radius best_rider_2_act_1 best_rider_2_act_2 best_rider_2_act_3 best_rider_2_area
50 9317.426812475123 9317.426812475123 133.4595168618098 323.1439037474757 0.0 0 0.0
rider 5 = {257, 385, 261, 136, 393, 392, 271, 18, 404, 279, 162, 421, 39, 168, 299, 174, 49, 52, 313, 57, 60, 445, 64, 68, 197, 70, 333, 461, 79, 207, 208, 466, 216, 474, 247, 221, 95, 96, 233, 108, 111, 495, 241, 244, 373, 117, 246, 123}
best_rider_2_centroid best_rider_2_obj best_rider_2_radius best_rider_2_act_1 best_rider_2_act_2 best_rider_2_act_3 best_rider_2_area
233 8836.233176264548 8836.233176264548 132.08327578296777 317.8854341496037 0.0 0 0.0
rider 6 = {256, 130, 4, 133, 390, 394, 139, 144, 17, 146, 19, 150, 408, 281, 413, 159, 418, 422, 40, 297, 42, 169, 173, 46, 432, 435, 53, 182, 183, 188, 190, 447, 449, 453, 457, 80, 210, 342, 344, 345, 219, 476, 351, 353, 98, 354, 230, 103, 104, 236, 494, 497, 252, 127}
best_rider_2_centroid best_rider_2_obj best_rider_2_radius best_rider_2_act_1 best_rider_2_act_2 best_rider_2_act_3 best_rider_2_area
342 10043.63244956342 10043.63244956342 138.07039884759035 349.0565114091511 0.0 0 0.0
rider 7 = {128, 386, 3, 259, 131, 132, 134, 10, 267, 11, 13, 143, 20, 278, 23, 153, 285, 34, 41, 298, 170, 185, 442, 193, 67, 323, 324, 455, 73, 459, 76, 204, 337, 84, 212, 469, 473, 90, 92, 480, 482, 361, 106, 364, 365, 239, 242, 371}
best_rider_2_centroid best_rider_2_obj best_rider_2_radius best_rider_2_act_1 best_rider_2_act_2 best_rider_2_act_3 best_rider_2_area
67 8384.645937341988 8384.645937341988 133.04978969182906 334.10155702988743 0.0 0 0.0
rider 8 = {384, 260, 6, 391, 142, 15, 25, 283, 28, 157, 287, 415, 33, 417, 165, 167, 429, 303, 433, 307, 436, 310, 54, 62, 320, 450, 194, 198, 458, 205, 81, 341, 85, 472, 91, 347, 94, 355, 231, 492, 368, 369, 370, 496, 248, 249, 122, 380}
best_rider_2_centroid best_rider_2_obj best_rider_2_radius best_rider_2_act_1 best_rider_2_act_2 best_rider_2_act_3 best_rider_2_area
380 8295.738658527145 8295.738658527145 138.64666610164753 346.5152426477294 0.0 0 0.0
rider 9 = {9, 395, 268, 272, 400, 274, 401, 403, 405, 22, 152, 282, 30, 286, 163, 420, 294, 423, 424, 172, 302, 180, 311, 314, 443, 316, 444, 192, 65, 321, 69, 327, 460, 82, 340, 468, 214, 350, 478, 485, 367, 243, 245, 120, 124, 255}
best_rider_2_centroid best_rider_2_obj best_rider_2_radius best_rider_2_act_1 best_rider_2_act_2 best_rider_2_act_3 best_rider_2_area
272 9268.151432735578 9268.151432735578 137.91302776949846 334.38951806806415 0.0 0 0.0
