instance_name algorithm_name iter_idx best_objective violate_value
L1-DU500-P10-T0.1 -local_search_repaired- 8 44746.34388292254 0
nb_riders nb_polygons
10 500
rider 0 = {385, 387, 260, 262, 7, 390, 265, 137, 395, 268, 399, 20, 21, 409, 27, 157, 415, 33, 417, 162, 37, 166, 168, 41, 175, 50, 434, 55, 316, 444, 329, 78, 80, 467, 214, 343, 218, 94, 225, 100, 101, 107, 496, 244, 252, 119, 376, 380, 381}
best_rider_2_centroid best_rider_2_obj best_rider_2_radius best_rider_2_act_1 best_rider_2_act_2 best_rider_2_act_3 best_rider_2_area
385 4630.005977469386 4630.005977469386 135.8365053302439 351.2068040840723 0.0 0 0.0
rider 1 = {0, 257, 1, 388, 264, 392, 142, 146, 22, 26, 283, 155, 156, 158, 287, 159, 289, 420, 421, 164, 296, 42, 46, 47, 49, 305, 57, 441, 59, 187, 63, 65, 450, 68, 196, 454, 457, 330, 201, 332, 77, 334, 461, 465, 84, 471, 91, 476, 481, 229, 358, 359, 495, 373, 374, 124}
best_rider_2_centroid best_rider_2_obj best_rider_2_radius best_rider_2_act_1 best_rider_2_act_2 best_rider_2_act_3 best_rider_2_area
257 4482.56995342766 4482.56995342766 147.48703184248575 366.7540466086477 0.0 0 0.0
rider 2 = {256, 132, 261, 9, 266, 397, 143, 272, 273, 145, 404, 153, 295, 169, 426, 432, 433, 178, 435, 177, 176, 440, 185, 443, 61, 317, 445, 190, 67, 71, 79, 208, 337, 466, 469, 472, 348, 96, 102, 363, 113, 369, 243, 250, 253, 254}
best_rider_2_centroid best_rider_2_obj best_rider_2_radius best_rider_2_act_1 best_rider_2_act_2 best_rider_2_act_3 best_rider_2_area
79 4214.178076395479 4214.178076395479 126.94569278406257 312.7867940254955 0.0 0 0.0
rider 3 = {258, 3, 130, 6, 263, 394, 267, 13, 401, 150, 407, 32, 290, 35, 294, 39, 43, 300, 302, 174, 306, 436, 54, 312, 184, 442, 318, 62, 321, 69, 455, 74, 207, 464, 82, 86, 219, 92, 98, 355, 482, 357, 227, 487, 362, 490, 235, 238, 240, 498, 121}
best_rider_2_centroid best_rider_2_obj best_rider_2_radius best_rider_2_act_1 best_rider_2_act_2 best_rider_2_act_3 best_rider_2_area
3 4099.4192198939545 4099.4192198939545 144.50062876282416 342.63376212846435 0.0 0 0.0
rider 4 = {384, 5, 136, 140, 396, 14, 15, 144, 147, 403, 24, 411, 412, 30, 416, 163, 165, 167, 423, 425, 44, 429, 179, 53, 310, 315, 189, 447, 72, 458, 331, 76, 333, 75, 459, 336, 463, 339, 88, 93, 349, 223, 480, 230, 104, 105, 232, 234, 364, 365, 236, 368, 242, 115, 375, 123, 125}
best_rider_2_centroid best_rider_2_obj best_rider_2_radius best_rider_2_act_1 best_rider_2_act_2 best_rider_2_act_3 best_rider_2_area
15 3825.0634567720526 3825.0634567720526 147.97978547372787 337.46412012962327 0.0 0 0.0
rider 5 = {2, 391, 8, 10, 269, 16, 19, 278, 152, 281, 414, 161, 292, 299, 171, 173, 304, 308, 309, 180, 437, 181, 313, 314, 449, 66, 452, 462, 81, 210, 85, 470, 90, 347, 346, 478, 95, 222, 486, 103, 233, 492, 239, 372, 247, 248, 126}
best_rider_2_centroid best_rider_2_obj best_rider_2_radius best_rider_2_act_1 best_rider_2_act_2 best_rider_2_act_3 best_rider_2_area
210 4649.081231699027 4649.081231699027 134.45597797539548 306.5957940467306 0.0 0 0.0
rider 6 = {129, 259, 135, 12, 17, 274, 148, 405, 23, 280, 284, 28, 286, 293, 424, 428, 48, 307, 438, 319, 64, 193, 451, 198, 199, 328, 204, 205, 211, 468, 345, 477, 350, 352, 224, 99, 484, 360, 491, 237, 366, 110, 112, 245, 249, 379, 383}
best_rider_2_centroid best_rider_2_obj best_rider_2_radius best_rider_2_act_1 best_rider_2_act_2 best_rider_2_act_3 best_rider_2_area
129 4713.6465691519525 4713.6465691519525 140.01646582311238 353.5384207219902 0.0 0 0.0
rider 7 = {386, 255, 389, 134, 11, 275, 149, 279, 25, 282, 154, 285, 31, 34, 419, 36, 38, 422, 40, 427, 45, 301, 430, 182, 311, 439, 183, 60, 446, 320, 325, 70, 326, 197, 335, 209, 83, 473, 217, 475, 489, 108, 109, 493, 367, 370, 371, 116, 122, 127}
best_rider_2_centroid best_rider_2_obj best_rider_2_radius best_rider_2_act_1 best_rider_2_act_2 best_rider_2_act_3 best_rider_2_area
311 4190.214146487909 4190.214146487909 134.37268425910995 335.7230020793506 0.0 0 0.0
rider 8 = {128, 398, 271, 277, 406, 151, 408, 288, 418, 298, 431, 52, 58, 448, 192, 323, 324, 195, 327, 200, 203, 206, 338, 340, 341, 342, 87, 215, 474, 220, 351, 479, 97, 353, 483, 228, 488, 497, 114, 499, 117, 120, 377, 251, 382}
best_rider_2_centroid best_rider_2_obj best_rider_2_radius best_rider_2_act_1 best_rider_2_act_2 best_rider_2_act_3 best_rider_2_area
52 4936.040923925163 4936.040923925163 123.71882261610978 300.86933117229466 0.0 0 0.0
rider 9 = {131, 4, 133, 393, 138, 139, 141, 270, 400, 18, 402, 276, 410, 29, 413, 160, 291, 297, 170, 172, 303, 51, 56, 186, 188, 191, 322, 194, 453, 456, 73, 202, 460, 212, 213, 344, 89, 216, 221, 354, 226, 356, 485, 231, 361, 106, 494, 111, 241, 118, 246, 378}
best_rider_2_centroid best_rider_2_obj best_rider_2_radius best_rider_2_act_1 best_rider_2_act_2 best_rider_2_act_3 best_rider_2_area
270 5006.12432769996 5006.12432769996 134.46141176477073 326.9543302329985 0.0 0 0.0
