instance_name algorithm_name iter_idx best_objective violate_value violate_farm
DU500-P10 -local_search_repaired- 8 372099.10820149875 0 281500
nb_riders nb_polygons
10 500
rider 0 = {266, 14, 17, 281, 412, 285, 415, 416, 33, 34, 295, 434, 182, 439, 60, 190, 191, 320, 321, 64, 449, 196, 326, 328, 200, 459, 332, 204, 78, 462, 337, 466, 473, 346, 93, 478, 352, 224, 225, 102, 231, 487, 106, 108, 496, 498, 247, 376, 253, 383}
best_rider_2_centroid best_rider_2_obj best_rider_2_radius best_rider_2_act_1 best_rider_2_act_2 best_rider_2_act_3 best_rider_2_area
266 39424.08914842929 8924.08914842929 142.19895185115487 347.35586629478377 0.0 61 0.0
rider 1 = {256, 385, 260, 262, 391, 392, 267, 139, 282, 157, 414, 161, 421, 166, 296, 40, 427, 428, 176, 51, 435, 310, 450, 68, 452, 454, 74, 76, 205, 79, 336, 212, 213, 342, 469, 477, 95, 100, 356, 486, 103, 488, 235, 236, 494, 367, 120, 379}
best_rider_2_centroid best_rider_2_obj best_rider_2_radius best_rider_2_act_1 best_rider_2_act_2 best_rider_2_act_3 best_rider_2_area
95 39908.00404122046 9408.004041220463 136.08500657666147 334.7041428703903 0.0 61 0.0
rider 2 = {131, 4, 263, 9, 265, 394, 13, 397, 143, 273, 404, 21, 150, 284, 28, 29, 31, 37, 41, 430, 174, 48, 50, 181, 183, 312, 57, 314, 184, 316, 317, 61, 441, 185, 194, 323, 202, 467, 211, 341, 215, 218, 474, 482, 360, 490, 493, 240, 113, 122, 255}
best_rider_2_centroid best_rider_2_obj best_rider_2_radius best_rider_2_act_1 best_rider_2_act_2 best_rider_2_act_3 best_rider_2_area
317 34070.39428030729 8070.394280307294 137.67880244704648 349.141006876354 0.0 52 0.0
rider 3 = {384, 130, 389, 134, 264, 137, 11, 268, 140, 141, 400, 145, 402, 147, 276, 20, 154, 283, 155, 413, 288, 418, 35, 165, 422, 297, 169, 426, 300, 302, 431, 304, 308, 309, 436, 58, 62, 446, 195, 333, 463, 210, 86, 217, 92, 349, 480, 97, 481, 226, 110, 111, 378}
best_rider_2_centroid best_rider_2_obj best_rider_2_radius best_rider_2_act_1 best_rider_2_act_2 best_rider_2_act_3 best_rider_2_area
426 36562.886998635586 10062.886998635584 134.61037748872056 317.12454913729295 0.0 53 0.0
rider 4 = {387, 136, 19, 152, 32, 289, 291, 294, 424, 42, 299, 44, 301, 170, 171, 429, 175, 55, 63, 193, 67, 73, 329, 201, 461, 335, 207, 81, 338, 84, 340, 89, 91, 475, 230, 359, 232, 489, 492, 366, 112, 368, 116, 373, 248, 249, 250, 251, 252, 127}
best_rider_2_centroid best_rider_2_obj best_rider_2_radius best_rider_2_act_1 best_rider_2_act_2 best_rider_2_act_3 best_rider_2_area
338 38484.83927477244 9484.839274772443 136.1168910447539 329.5025289497717 0.0 58 0.0
rider 5 = {257, 129, 396, 271, 16, 272, 274, 146, 407, 24, 25, 26, 151, 410, 158, 425, 47, 432, 179, 180, 437, 311, 186, 315, 445, 319, 66, 453, 198, 455, 458, 75, 203, 77, 206, 80, 208, 465, 468, 85, 470, 88, 237, 497, 374, 246, 380, 126}
best_rider_2_centroid best_rider_2_obj best_rider_2_radius best_rider_2_act_1 best_rider_2_act_2 best_rider_2_act_3 best_rider_2_area
126 37670.50868126657 8670.50868126657 134.57540301933074 326.42212638478935 0.0 58 0.0
rider 6 = {2, 3, 133, 6, 270, 398, 401, 18, 277, 280, 160, 417, 162, 419, 36, 292, 423, 298, 305, 306, 52, 438, 56, 313, 444, 65, 322, 327, 457, 330, 347, 222, 351, 479, 353, 354, 99, 223, 485, 229, 104, 105, 495, 114, 243, 372, 117, 381}
best_rider_2_centroid best_rider_2_obj best_rider_2_radius best_rider_2_act_1 best_rider_2_act_2 best_rider_2_act_3 best_rider_2_area
347 36497.06905836628 8997.069058366276 140.5294414119162 317.51451024994833 0.0 55 0.0
rider 7 = {0, 128, 261, 5, 7, 8, 10, 395, 269, 15, 399, 144, 403, 278, 408, 27, 287, 420, 39, 168, 173, 49, 307, 53, 187, 443, 189, 447, 448, 69, 331, 460, 334, 464, 339, 344, 348, 476, 355, 483, 101, 484, 364, 365, 238, 369, 371, 244, 119, 377, 125}
best_rider_2_centroid best_rider_2_obj best_rider_2_radius best_rider_2_act_1 best_rider_2_act_2 best_rider_2_act_3 best_rider_2_area
399 38513.09308515054 9013.09308515054 141.80620345129128 348.6652370256113 0.0 59 0.0
rider 8 = {1, 258, 259, 388, 135, 12, 275, 405, 22, 23, 279, 409, 411, 30, 159, 290, 45, 433, 440, 442, 59, 451, 324, 325, 70, 71, 72, 199, 209, 254, 214, 343, 345, 219, 220, 94, 350, 227, 358, 361, 362, 491, 239, 241, 242, 115, 499, 118, 375, 123, 124, 382}
best_rider_2_centroid best_rider_2_obj best_rider_2_radius best_rider_2_act_1 best_rider_2_act_2 best_rider_2_act_3 best_rider_2_area
199 41627.53767973362 10127.53767973362 132.86127937340703 340.45044906770835 0.0 63 0.0
rider 9 = {386, 132, 390, 393, 138, 142, 148, 149, 406, 153, 156, 286, 163, 164, 293, 38, 167, 43, 172, 46, 303, 177, 178, 54, 188, 318, 192, 197, 456, 82, 83, 87, 471, 216, 90, 472, 221, 96, 98, 228, 357, 233, 234, 363, 107, 109, 370, 245, 121}
best_rider_2_centroid best_rider_2_obj best_rider_2_radius best_rider_2_act_1 best_rider_2_act_2 best_rider_2_act_3 best_rider_2_area
90 29340.685953616645 7840.685953616645 133.31264996756016 323.6459883730177 0.0 43 0.0
