instance_name algorithm_name iter_idx best_objective violate_value violate_farm
DU500-P10 -local_search_repaired- 7 381870.93531104387 0 291000
nb_riders nb_polygons
10 500
rider 0 = {385, 395, 396, 143, 144, 274, 403, 20, 408, 411, 284, 412, 32, 33, 416, 36, 164, 38, 165, 423, 427, 46, 435, 310, 312, 313, 189, 62, 446, 193, 323, 327, 202, 331, 458, 333, 209, 210, 212, 346, 92, 94, 478, 480, 225, 484, 493, 124, 253}
best_rider_2_centroid best_rider_2_obj best_rider_2_radius best_rider_2_act_1 best_rider_2_act_2 best_rider_2_act_3 best_rider_2_area
385 44640.240995692795 9640.240995692795 139.29486921902597 324.03059662011907 0.0 70 0.0
rider 1 = {384, 131, 262, 265, 266, 269, 271, 17, 18, 402, 406, 407, 281, 25, 26, 30, 288, 417, 34, 418, 37, 40, 168, 298, 299, 169, 176, 181, 311, 319, 66, 194, 452, 200, 74, 459, 460, 79, 337, 82, 214, 471, 217, 224, 487, 488, 107, 238, 111, 250}
best_rider_2_centroid best_rider_2_obj best_rider_2_radius best_rider_2_act_1 best_rider_2_act_2 best_rider_2_act_3 best_rider_2_area
266 36828.85836963703 8328.858369637037 143.73643745433628 321.22122440151844 0.0 57 0.0
rider 2 = {128, 129, 389, 6, 7, 390, 391, 135, 138, 268, 146, 404, 277, 282, 28, 289, 419, 41, 426, 171, 57, 442, 316, 190, 329, 201, 204, 207, 463, 84, 85, 215, 218, 93, 351, 352, 479, 100, 357, 359, 365, 368, 115, 120, 249, 122, 125, 383}
best_rider_2_centroid best_rider_2_obj best_rider_2_radius best_rider_2_act_1 best_rider_2_act_2 best_rider_2_act_3 best_rider_2_area
7 34278.65140355506 8278.651403555057 134.90909776692735 322.6222008465192 0.0 52 0.0
rider 3 = {11, 140, 141, 145, 147, 410, 413, 159, 295, 167, 300, 45, 172, 47, 48, 430, 174, 307, 177, 439, 56, 61, 318, 63, 191, 449, 195, 456, 75, 335, 469, 86, 472, 95, 481, 482, 229, 362, 235, 364, 110, 113, 497, 373, 118, 246, 377, 252, 255}
best_rider_2_centroid best_rider_2_obj best_rider_2_radius best_rider_2_act_1 best_rider_2_act_2 best_rider_2_act_3 best_rider_2_area
177 36578.12556366812 9078.125563668122 132.6391250822782 349.4118478429873 0.0 55 0.0
rider 4 = {0, 2, 264, 8, 137, 397, 270, 400, 19, 151, 280, 152, 153, 283, 155, 31, 35, 39, 297, 301, 173, 434, 179, 436, 437, 58, 315, 186, 187, 443, 64, 67, 324, 451, 70, 453, 73, 330, 203, 336, 91, 477, 101, 489, 363, 492, 367, 251, 117, 376, 123, 126, 127}
best_rider_2_centroid best_rider_2_obj best_rider_2_radius best_rider_2_act_1 best_rider_2_act_2 best_rider_2_act_3 best_rider_2_area
2 38363.4012792045 9863.401279204505 142.76538397457105 345.43695673891085 0.0 57 0.0
rider 5 = {257, 259, 260, 387, 388, 263, 16, 273, 21, 22, 279, 24, 415, 421, 425, 42, 175, 432, 49, 433, 308, 54, 182, 447, 198, 76, 77, 205, 80, 208, 466, 339, 83, 467, 220, 483, 230, 104, 232, 109, 237, 496, 242, 248, 379, 380}
best_rider_2_centroid best_rider_2_obj best_rider_2_radius best_rider_2_act_1 best_rider_2_act_2 best_rider_2_act_3 best_rider_2_area
380 34118.44049156495 7618.440491564951 132.56402020183344 323.27312068135 0.0 53 0.0
rider 6 = {130, 132, 133, 392, 393, 139, 272, 278, 27, 161, 424, 43, 51, 309, 188, 192, 65, 197, 326, 454, 328, 332, 78, 462, 81, 465, 341, 343, 89, 350, 223, 353, 355, 356, 485, 102, 486, 360, 105, 234, 491, 236, 494, 240, 114, 371, 372, 116, 374, 370, 381, 382}
best_rider_2_centroid best_rider_2_obj best_rider_2_radius best_rider_2_act_1 best_rider_2_act_2 best_rider_2_act_3 best_rider_2_area
341 39860.86810883149 9860.868108831493 140.49054500577316 331.56087505519093 0.0 60 0.0
rider 7 = {256, 3, 4, 5, 134, 136, 9, 10, 267, 394, 15, 150, 23, 409, 29, 157, 287, 160, 162, 294, 306, 178, 183, 440, 314, 60, 317, 444, 445, 321, 455, 72, 461, 340, 342, 88, 344, 345, 473, 348, 349, 474, 476, 97, 99, 227, 358, 231, 490, 108, 369}
best_rider_2_centroid best_rider_2_obj best_rider_2_radius best_rider_2_act_1 best_rider_2_act_2 best_rider_2_act_3 best_rider_2_area
348 37881.35148203971 8881.351482039707 132.9689381547681 339.04897026999646 0.0 58 0.0
rider 8 = {1, 261, 12, 14, 399, 275, 276, 405, 158, 163, 293, 422, 44, 429, 302, 431, 304, 305, 50, 180, 53, 184, 185, 441, 59, 320, 450, 69, 325, 71, 334, 206, 211, 468, 213, 219, 247, 222, 96, 98, 103, 106, 366, 495, 112, 239, 241, 243, 499, 245, 375, 121, 254}
best_rider_2_centroid best_rider_2_obj best_rider_2_radius best_rider_2_act_1 best_rider_2_act_2 best_rider_2_act_3 best_rider_2_area
50 41239.804904796634 10739.804904796636 132.3187000672149 346.4237692507934 0.0 61 0.0
rider 9 = {258, 386, 13, 142, 398, 401, 148, 149, 154, 156, 285, 286, 414, 290, 291, 292, 420, 166, 296, 170, 428, 303, 52, 438, 55, 448, 322, 68, 196, 199, 457, 464, 338, 470, 87, 216, 90, 347, 475, 221, 354, 226, 228, 361, 233, 498, 244, 119, 378}
best_rider_2_centroid best_rider_2_obj best_rider_2_radius best_rider_2_act_1 best_rider_2_act_2 best_rider_2_act_3 best_rider_2_area
233 38081.19271205354 8581.192712053544 138.08788970511407 331.4968435222821 0.0 59 0.0
