instance_name algorithm_name iter_idx best_objective violate_value violate_farm
DU500-P10-T0.1 -local_search_repaired- 9 309685.3692862957 0 243000
nb_riders nb_polygons
10 500
rider 0 = {264, 266, 13, 400, 281, 285, 415, 290, 293, 426, 304, 54, 183, 313, 185, 444, 445, 62, 190, 321, 323, 71, 328, 200, 202, 204, 78, 208, 81, 472, 347, 92, 349, 224, 225, 229, 102, 362, 107, 108, 234, 113, 243, 248, 253, 382, 383}
best_rider_2_centroid best_rider_2_obj best_rider_2_radius best_rider_2_act_1 best_rider_2_act_2 best_rider_2_act_3 best_rider_2_area
383 30314.995223333553 6814.995223333553 139.08043629457626 325.6476959427631 0.0 47 0.0
rider 1 = {388, 391, 392, 269, 14, 399, 272, 22, 26, 27, 30, 287, 417, 421, 42, 46, 47, 432, 51, 53, 55, 59, 188, 192, 193, 450, 68, 196, 454, 199, 457, 465, 467, 346, 474, 220, 222, 223, 100, 358, 359, 104, 486, 365, 495, 244, 378}
best_rider_2_centroid best_rider_2_obj best_rider_2_radius best_rider_2_act_1 best_rider_2_act_2 best_rider_2_act_3 best_rider_2_area
26 30885.910106974607 5885.9101069746075 132.0856697972235 341.1658775137212 0.0 50 0.0
rider 2 = {129, 2, 3, 385, 131, 390, 7, 135, 265, 393, 138, 17, 284, 29, 37, 168, 41, 171, 44, 174, 50, 180, 181, 312, 316, 317, 319, 320, 64, 461, 211, 84, 342, 471, 93, 478, 95, 227, 491, 492, 240, 381, 115, 246, 247, 122, 380, 125}
best_rider_2_centroid best_rider_2_obj best_rider_2_radius best_rider_2_act_1 best_rider_2_act_2 best_rider_2_act_3 best_rider_2_area
7 26974.34655421197 6974.34655421197 139.5299115863073 341.79295686476183 0.0 40 0.0
rider 3 = {384, 257, 130, 134, 137, 140, 141, 396, 144, 145, 147, 20, 403, 278, 283, 155, 159, 416, 418, 420, 423, 424, 425, 429, 302, 48, 305, 307, 179, 310, 315, 318, 447, 451, 195, 72, 458, 331, 459, 333, 468, 86, 214, 232, 236, 366, 368, 496, 375, 252, 254}
best_rider_2_centroid best_rider_2_obj best_rider_2_radius best_rider_2_act_1 best_rider_2_act_2 best_rider_2_act_3 best_rider_2_area
384 34923.51897373202 6923.518973732016 130.18387972866108 347.3187306954058 0.0 56 0.0
rider 4 = {0, 8, 10, 398, 142, 19, 406, 151, 152, 25, 413, 414, 288, 289, 296, 297, 170, 299, 301, 173, 437, 441, 58, 186, 63, 448, 65, 66, 67, 449, 70, 73, 330, 201, 462, 209, 466, 85, 91, 221, 477, 97, 481, 483, 103, 488, 239, 241, 373, 120, 251, 126}
best_rider_2_centroid best_rider_2_obj best_rider_2_radius best_rider_2_act_1 best_rider_2_act_2 best_rider_2_act_3 best_rider_2_area
58 30273.2987360445 6273.2987360445 134.24816082682437 359.58152153902853 0.0 48 0.0
rider 5 = {259, 260, 5, 263, 136, 395, 143, 16, 273, 274, 146, 21, 23, 24, 411, 412, 32, 33, 160, 162, 165, 428, 175, 49, 311, 198, 75, 76, 463, 80, 470, 343, 88, 94, 352, 480, 99, 484, 230, 364, 237, 110, 242, 376, 249, 250, 379}
best_rider_2_centroid best_rider_2_obj best_rider_2_radius best_rider_2_act_1 best_rider_2_act_2 best_rider_2_act_3 best_rider_2_area
21 27686.215096829565 5686.215096829565 137.41014576895392 325.5601309388923 0.0 44 0.0
rider 6 = {128, 4, 133, 139, 18, 277, 408, 410, 161, 419, 292, 36, 431, 309, 56, 446, 191, 322, 324, 452, 326, 203, 332, 77, 334, 335, 341, 215, 89, 350, 351, 479, 353, 354, 355, 356, 121, 226, 231, 360, 105, 106, 363, 493, 494, 111, 497, 370, 114, 372, 117, 374, 377}
best_rider_2_centroid best_rider_2_obj best_rider_2_radius best_rider_2_act_1 best_rider_2_act_2 best_rider_2_act_3 best_rider_2_area
370 33057.622436950216 8057.622436950218 129.00796721837406 300.6726621347832 0.0 50 0.0
rider 7 = {1, 387, 262, 6, 9, 267, 268, 12, 397, 15, 405, 150, 409, 28, 157, 286, 31, 35, 294, 39, 167, 176, 306, 434, 308, 178, 438, 60, 61, 189, 455, 329, 336, 337, 338, 339, 469, 344, 345, 217, 218, 348, 476, 482, 101, 357, 487, 238, 112, 498, 119, 123, 124}
best_rider_2_centroid best_rider_2_obj best_rider_2_radius best_rider_2_act_1 best_rider_2_act_2 best_rider_2_act_3 best_rider_2_area
434 31524.71531049392 7024.71531049392 141.31152771029596 314.78871303057963 0.0 49 0.0
rider 8 = {386, 261, 394, 11, 270, 271, 401, 275, 276, 279, 280, 407, 34, 295, 40, 169, 427, 300, 45, 172, 433, 435, 436, 439, 184, 442, 443, 194, 325, 69, 453, 205, 206, 207, 464, 82, 213, 216, 473, 219, 475, 96, 485, 361, 489, 490, 367, 371, 245, 118, 255}
best_rider_2_centroid best_rider_2_obj best_rider_2_radius best_rider_2_act_1 best_rider_2_act_2 best_rider_2_act_3 best_rider_2_area
435 37973.7931164432 6473.793116443198 145.94768507830972 349.5863217193118 0.0 63 0.0
rider 9 = {256, 258, 132, 389, 402, 148, 149, 404, 153, 282, 154, 156, 158, 291, 163, 164, 38, 166, 422, 298, 43, 430, 303, 177, 52, 182, 440, 57, 314, 187, 197, 327, 456, 74, 460, 79, 210, 83, 340, 212, 87, 90, 98, 228, 233, 235, 109, 369, 499, 116, 127}
best_rider_2_centroid best_rider_2_obj best_rider_2_radius best_rider_2_act_1 best_rider_2_act_2 best_rider_2_act_3 best_rider_2_area
90 26070.953731282174 6570.953731282174 140.9696226223165 328.41179485042016 0.0 39 0.0
