instance_name algorithm_name iter_idx best_objective violate_value violate_farm
DU500-P10-T0.1 -local_search_repaired- 6 314829.0773300547 0 244500
nb_riders nb_polygons
10 500
rider 0 = {3, 9, 18, 407, 284, 285, 32, 290, 34, 38, 427, 178, 182, 183, 440, 313, 185, 442, 60, 439, 62, 190, 320, 321, 323, 70, 71, 326, 202, 460, 207, 208, 337, 464, 485, 102, 361, 238, 367, 113, 243, 248, 253}
best_rider_2_centroid best_rider_2_obj best_rider_2_radius best_rider_2_act_1 best_rider_2_act_2 best_rider_2_act_3 best_rider_2_area
442 25823.69951119578 5323.699511195782 131.7260826786469 303.02201292102825 0.0 41 0.0
rider 1 = {260, 392, 395, 14, 26, 27, 157, 287, 420, 293, 296, 41, 42, 425, 170, 46, 432, 51, 53, 181, 55, 441, 59, 188, 191, 448, 193, 450, 196, 454, 330, 459, 465, 211, 471, 346, 220, 222, 223, 100, 101, 358, 359, 107, 492, 239, 496, 495, 115, 247, 378, 382}
best_rider_2_centroid best_rider_2_obj best_rider_2_radius best_rider_2_act_1 best_rider_2_act_2 best_rider_2_act_3 best_rider_2_area
432 35724.092760341366 7224.092760341368 137.62130912520797 360.7250136489797 0.0 57 0.0
rider 2 = {2, 131, 388, 135, 393, 138, 398, 17, 146, 277, 408, 29, 413, 414, 159, 289, 161, 292, 37, 294, 421, 47, 431, 305, 312, 57, 314, 58, 316, 186, 194, 68, 466, 84, 217, 90, 478, 353, 481, 227, 483, 486, 103, 488, 241, 246, 120, 377, 122, 126}
best_rider_2_centroid best_rider_2_obj best_rider_2_radius best_rider_2_act_1 best_rider_2_act_2 best_rider_2_act_3 best_rider_2_area
58 32479.571792045397 7479.571792045399 123.4910549124088 354.78965993429205 0.0 50 0.0
rider 3 = {384, 129, 130, 387, 134, 137, 396, 141, 140, 143, 144, 145, 399, 147, 20, 405, 24, 411, 412, 155, 416, 418, 165, 167, 424, 423, 428, 429, 177, 307, 308, 179, 180, 315, 318, 447, 195, 72, 458, 86, 214, 470, 352, 480, 232, 234, 364, 365, 366, 236, 498, 252, 380}
best_rider_2_centroid best_rider_2_obj best_rider_2_radius best_rider_2_act_1 best_rider_2_act_2 best_rider_2_act_3 best_rider_2_area
165 37565.31455307054 7065.314553070534 146.841121481347 355.0277179330352 0.0 61 0.0
rider 4 = {386, 4, 389, 10, 11, 394, 270, 401, 275, 404, 152, 25, 36, 298, 301, 174, 430, 435, 436, 443, 63, 67, 453, 327, 456, 73, 203, 209, 83, 212, 215, 473, 475, 92, 477, 97, 231, 490, 235, 493, 237, 369, 114, 371, 117, 373, 250, 251, 381, 127}
best_rider_2_centroid best_rider_2_obj best_rider_2_radius best_rider_2_act_1 best_rider_2_act_2 best_rider_2_act_3 best_rider_2_area
25 34262.07123196605 6762.071231966056 137.38631673001714 337.30605970002085 0.0 55 0.0
rider 5 = {385, 263, 264, 265, 136, 268, 271, 272, 16, 19, 21, 31, 160, 162, 171, 45, 175, 54, 311, 64, 449, 192, 451, 198, 199, 74, 75, 76, 204, 206, 80, 85, 472, 474, 94, 225, 226, 99, 230, 104, 233, 363, 108, 491, 110, 242, 245, 375, 249, 379, 255}
best_rider_2_centroid best_rider_2_obj best_rider_2_radius best_rider_2_act_1 best_rider_2_act_2 best_rider_2_act_3 best_rider_2_area
265 29264.973692870808 8264.973692870808 134.8574402356758 349.83718205505386 0.0 42 0.0
rider 6 = {128, 261, 391, 266, 139, 273, 278, 406, 280, 281, 288, 419, 169, 426, 299, 43, 304, 306, 52, 437, 56, 444, 317, 66, 322, 324, 452, 328, 77, 78, 335, 334, 81, 205, 462, 340, 341, 342, 347, 93, 351, 95, 98, 355, 360, 105, 111, 499, 372, 374}
best_rider_2_centroid best_rider_2_obj best_rider_2_radius best_rider_2_act_1 best_rider_2_act_2 best_rider_2_act_3 best_rider_2_area
66 30379.506729311423 7379.506729311422 134.36338032369449 314.30733565985037 0.0 46 0.0
rider 7 = {0, 257, 1, 5, 390, 7, 8, 13, 269, 15, 403, 22, 283, 286, 415, 33, 417, 168, 173, 49, 309, 310, 187, 189, 319, 65, 329, 457, 331, 201, 461, 336, 338, 339, 467, 468, 344, 345, 88, 91, 348, 218, 476, 229, 368, 244, 119, 123, 124}
best_rider_2_centroid best_rider_2_obj best_rider_2_radius best_rider_2_act_1 best_rider_2_act_2 best_rider_2_act_3 best_rider_2_area
417 27394.65826288931 6894.658262889309 147.8293103465746 304.4747009107828 0.0 41 0.0
rider 8 = {259, 262, 6, 267, 12, 397, 274, 276, 150, 23, 279, 409, 28, 30, 35, 295, 39, 44, 300, 302, 48, 176, 50, 433, 434, 438, 184, 61, 445, 69, 325, 455, 332, 333, 463, 469, 343, 219, 349, 350, 224, 482, 484, 357, 487, 362, 106, 112, 240, 118, 376, 121, 125, 254, 383}
best_rider_2_centroid best_rider_2_obj best_rider_2_radius best_rider_2_act_1 best_rider_2_act_2 best_rider_2_act_3 best_rider_2_area
482 35640.64546801489 7140.645468014892 144.70756602564632 354.03647307771126 0.0 57 0.0
rider 9 = {256, 258, 132, 133, 142, 400, 402, 148, 149, 151, 153, 282, 410, 154, 156, 158, 291, 163, 164, 166, 422, 40, 297, 172, 303, 446, 197, 200, 79, 82, 210, 213, 87, 216, 89, 221, 479, 96, 354, 356, 228, 489, 109, 494, 497, 370, 116}
best_rider_2_centroid best_rider_2_obj best_rider_2_radius best_rider_2_act_1 best_rider_2_act_2 best_rider_2_act_3 best_rider_2_area
402 26294.543328349137 6794.543328349138 130.9514247726236 301.00024938891323 0.0 39 0.0
