instance_name algorithm_name iter_idx best_objective violate_value violate_farm
DU500-P10 -local_search_repaired- 2 353913.20131602755 0 267000
nb_riders nb_polygons
10 500
rider 0 = {385, 263, 20, 280, 411, 414, 416, 290, 292, 420, 166, 423, 424, 171, 44, 429, 310, 313, 446, 63, 320, 321, 319, 323, 198, 328, 201, 459, 78, 462, 208, 337, 469, 343, 219, 92, 93, 224, 480, 482, 364, 108, 492, 238, 368, 496, 241, 371, 243, 253}
best_rider_2_centroid best_rider_2_obj best_rider_2_radius best_rider_2_act_1 best_rider_2_act_2 best_rider_2_act_3 best_rider_2_area
385 41083.85984639615 8583.859846396153 133.7676186597105 320.9867882026445 0.0 65 0.0
rider 1 = {384, 131, 260, 396, 14, 399, 17, 18, 403, 405, 150, 409, 412, 157, 30, 40, 168, 303, 306, 51, 53, 54, 55, 312, 316, 188, 189, 191, 68, 453, 72, 329, 458, 340, 471, 216, 220, 349, 94, 477, 223, 99, 101, 104, 107, 365, 113, 115, 499, 381}
best_rider_2_centroid best_rider_2_obj best_rider_2_radius best_rider_2_act_1 best_rider_2_act_2 best_rider_2_act_3 best_rider_2_area
107 34206.70189529872 8706.701895298718 135.9712393436183 338.32469872449883 0.0 51 0.0
rider 2 = {256, 2, 387, 4, 13, 146, 404, 25, 410, 284, 29, 287, 31, 37, 294, 426, 428, 430, 50, 178, 181, 437, 184, 185, 186, 187, 443, 317, 62, 190, 194, 325, 202, 206, 79, 83, 339, 215, 344, 479, 352, 356, 361, 490, 370, 498, 373, 247, 249, 122, 255}
best_rider_2_centroid best_rider_2_obj best_rider_2_radius best_rider_2_act_1 best_rider_2_act_2 best_rider_2_act_3 best_rider_2_area
83 41152.752913816024 8152.752913816022 133.89429454032424 345.9087833654847 0.0 66 0.0
rider 3 = {130, 259, 134, 137, 140, 141, 16, 144, 145, 278, 283, 159, 288, 417, 418, 291, 41, 169, 300, 45, 46, 172, 304, 431, 307, 308, 309, 179, 56, 315, 318, 449, 451, 195, 196, 330, 77, 333, 81, 210, 86, 472, 347, 95, 97, 225, 358, 359, 232, 105, 494, 111, 379}
best_rider_2_centroid best_rider_2_obj best_rider_2_radius best_rider_2_act_1 best_rider_2_act_2 best_rider_2_act_3 best_rider_2_area
347 33570.14589692359 9570.145896923588 139.4469185288705 343.35927231543116 0.0 48 0.0
rider 4 = {257, 258, 386, 388, 392, 393, 10, 275, 151, 152, 289, 170, 43, 299, 301, 174, 432, 176, 440, 58, 442, 65, 66, 67, 70, 71, 454, 73, 456, 464, 465, 209, 346, 218, 248, 229, 103, 489, 236, 366, 239, 497, 114, 120, 123, 126}
best_rider_2_centroid best_rider_2_obj best_rider_2_radius best_rider_2_act_1 best_rider_2_act_2 best_rider_2_act_3 best_rider_2_area
120 32703.785063249892 8203.785063249892 132.9079975045489 321.31145742936735 0.0 49 0.0
rider 5 = {129, 389, 135, 264, 265, 394, 268, 397, 272, 147, 406, 26, 155, 162, 165, 422, 47, 175, 49, 180, 311, 183, 57, 439, 60, 61, 192, 193, 450, 199, 461, 334, 463, 80, 84, 212, 89, 90, 217, 478, 353, 354, 237, 110, 245, 375, 376, 250, 124, 125, 383}
best_rider_2_centroid best_rider_2_obj best_rider_2_radius best_rider_2_act_1 best_rider_2_act_2 best_rider_2_act_3 best_rider_2_area
199 37025.12169792526 9025.121697925255 136.8954594149129 328.2957234857827 0.0 56 0.0
rider 6 = {128, 132, 261, 11, 139, 270, 277, 408, 282, 156, 413, 160, 161, 419, 36, 421, 295, 298, 427, 52, 444, 322, 324, 197, 326, 200, 74, 76, 335, 338, 473, 474, 475, 350, 351, 222, 226, 355, 485, 102, 230, 360, 486, 234, 363, 493, 495, 372, 117, 374, 121, 378}
best_rider_2_centroid best_rider_2_obj best_rider_2_radius best_rider_2_act_1 best_rider_2_act_2 best_rider_2_act_3 best_rider_2_area
200 37325.45394754991 9325.453947549911 142.46035124020372 335.7588329823403 0.0 56 0.0
rider 7 = {0, 1, 3, 5, 390, 7, 8, 391, 395, 12, 269, 398, 15, 271, 273, 143, 19, 402, 24, 27, 415, 33, 38, 167, 425, 173, 182, 441, 445, 448, 327, 331, 203, 336, 468, 85, 341, 470, 214, 345, 91, 348, 476, 227, 484, 231, 488, 491, 246, 119, 377, 380, 254}
best_rider_2_centroid best_rider_2_obj best_rider_2_radius best_rider_2_act_1 best_rider_2_act_2 best_rider_2_act_3 best_rider_2_area
380 37691.87683122856 8691.876831228561 141.9046756199377 341.13567558641796 0.0 58 0.0
rider 8 = {262, 6, 136, 9, 266, 267, 276, 21, 22, 279, 23, 407, 32, 35, 293, 39, 42, 302, 48, 433, 436, 59, 447, 69, 455, 457, 332, 460, 205, 207, 82, 342, 221, 96, 481, 100, 357, 487, 233, 106, 367, 112, 369, 240, 242, 116, 118, 251, 252}
best_rider_2_centroid best_rider_2_obj best_rider_2_radius best_rider_2_act_1 best_rider_2_act_2 best_rider_2_act_3 best_rider_2_area
455 29961.143511017595 8461.143511017595 138.38671850705097 341.29211425441355 0.0 43 0.0
rider 9 = {133, 138, 142, 400, 401, 274, 148, 149, 281, 153, 154, 28, 285, 286, 158, 34, 163, 164, 296, 297, 305, 177, 434, 435, 438, 314, 64, 452, 75, 204, 466, 211, 467, 213, 87, 88, 98, 483, 228, 362, 235, 109, 244, 382, 127}
best_rider_2_centroid best_rider_2_obj best_rider_2_radius best_rider_2_act_1 best_rider_2_act_2 best_rider_2_act_3 best_rider_2_area
228 29192.35971262184 8192.359712621841 134.13973327266487 318.15305888328686 0.0 42 0.0
