instance_name algorithm_name iter_idx best_objective violate_value violate_farm
DU500-P10-T0.1 -local_search_repaired- 2 313964.48858922545 0 244500
nb_riders nb_polygons
10 500
rider 0 = {3, 259, 387, 9, 393, 12, 397, 17, 409, 284, 157, 32, 34, 35, 290, 162, 39, 44, 178, 436, 54, 184, 313, 62, 63, 190, 321, 193, 323, 455, 204, 78, 208, 337, 464, 469, 343, 345, 219, 92, 349, 224, 225, 484, 101, 102, 357, 487, 362, 490, 108, 238, 371, 243, 383}
best_rider_2_centroid best_rider_2_obj best_rider_2_radius best_rider_2_act_1 best_rider_2_act_2 best_rider_2_act_3 best_rider_2_area
345 34930.55457487906 6930.554574879065 149.1509708935395 337.31776212188726 0.0 56 0.0
rider 1 = {385, 131, 260, 262, 7, 392, 134, 266, 267, 269, 13, 14, 272, 143, 404, 150, 25, 26, 27, 30, 293, 37, 168, 174, 176, 51, 55, 440, 444, 192, 454, 199, 200, 76, 81, 216, 217, 95, 100, 104, 361, 107, 111, 496, 113, 498, 115, 247, 376, 379, 253, 127}
best_rider_2_centroid best_rider_2_obj best_rider_2_radius best_rider_2_act_1 best_rider_2_act_2 best_rider_2_act_3 best_rider_2_area
199 27947.284307567366 7947.284307567368 144.0264847128689 348.16668637619216 0.0 40 0.0
rider 2 = {256, 2, 388, 391, 135, 265, 138, 146, 277, 22, 29, 286, 415, 159, 417, 292, 420, 296, 41, 432, 305, 50, 180, 181, 312, 314, 186, 316, 320, 64, 448, 450, 68, 330, 202, 471, 346, 347, 486, 103, 359, 230, 492, 495, 246, 122, 380, 126}
best_rider_2_centroid best_rider_2_obj best_rider_2_radius best_rider_2_act_1 best_rider_2_act_2 best_rider_2_act_3 best_rider_2_area
391 34110.55295190058 7110.55295190058 128.35470155574606 331.1815085109198 0.0 54 0.0
rider 3 = {129, 130, 264, 137, 395, 140, 141, 399, 16, 144, 145, 147, 20, 283, 155, 33, 418, 165, 171, 46, 175, 304, 48, 307, 179, 315, 188, 195, 331, 459, 333, 80, 467, 86, 470, 352, 480, 358, 232, 234, 236, 365, 252, 254}
best_rider_2_centroid best_rider_2_obj best_rider_2_radius best_rider_2_act_1 best_rider_2_act_2 best_rider_2_act_3 best_rider_2_area
20 24486.91763145206 5486.91763145206 128.37549462597246 307.5919850154148 0.0 38 0.0
rider 4 = {10, 142, 19, 406, 152, 281, 288, 289, 36, 421, 170, 299, 301, 173, 189, 65, 66, 67, 70, 73, 201, 462, 209, 215, 91, 477, 94, 223, 97, 483, 229, 485, 250, 235, 237, 239, 369, 114, 499, 244, 120, 249, 378, 251, 381}
best_rider_2_centroid best_rider_2_obj best_rider_2_radius best_rider_2_act_1 best_rider_2_act_2 best_rider_2_act_3 best_rider_2_area
483 26666.027856006316 6666.027856006317 124.34194484828775 316.3630171714304 0.0 40 0.0
rider 5 = {257, 4, 390, 263, 268, 398, 271, 274, 18, 151, 408, 413, 414, 31, 160, 161, 47, 431, 437, 311, 56, 57, 58, 185, 60, 441, 191, 457, 75, 203, 77, 461, 465, 466, 84, 85, 342, 89, 474, 220, 478, 481, 354, 226, 231, 488, 110, 494, 370, 242, 373, 248, 377, 382}
best_rider_2_centroid best_rider_2_obj best_rider_2_radius best_rider_2_act_1 best_rider_2_act_2 best_rider_2_act_3 best_rider_2_area
414 39295.87689537034 8295.87689537034 136.2109329519845 339.4195242805461 0.0 62 0.0
rider 6 = {128, 389, 139, 273, 21, 278, 23, 280, 407, 28, 419, 169, 43, 427, 306, 434, 438, 183, 443, 317, 445, 322, 328, 74, 205, 334, 335, 207, 338, 211, 341, 218, 93, 350, 351, 96, 353, 482, 355, 227, 360, 105, 363, 372, 117, 374, 121}
best_rider_2_centroid best_rider_2_obj best_rider_2_radius best_rider_2_act_1 best_rider_2_act_2 best_rider_2_act_3 best_rider_2_area
273 28853.892359446756 7853.892359446756 136.0717630878677 337.40743594995394 0.0 42 0.0
rider 7 = {0, 1, 384, 5, 8, 136, 396, 15, 403, 405, 24, 411, 412, 287, 416, 294, 423, 167, 424, 425, 428, 429, 49, 53, 310, 59, 319, 447, 451, 198, 72, 329, 458, 463, 336, 339, 468, 214, 119, 344, 88, 348, 476, 222, 99, 491, 364, 366, 368, 112, 375, 123, 124, 125}
best_rider_2_centroid best_rider_2_obj best_rider_2_radius best_rider_2_act_1 best_rider_2_act_2 best_rider_2_act_3 best_rider_2_area
15 34777.55050997984 5777.550509979838 144.3398738727623 359.8795676900293 0.0 58 0.0
rider 8 = {386, 261, 11, 270, 400, 401, 402, 275, 276, 279, 282, 422, 295, 40, 297, 42, 300, 45, 302, 172, 433, 308, 439, 61, 446, 194, 324, 325, 326, 327, 69, 456, 332, 460, 206, 213, 221, 479, 98, 356, 228, 106, 493, 367, 240, 497, 116, 245, 118, 255}
best_rider_2_centroid best_rider_2_obj best_rider_2_radius best_rider_2_act_1 best_rider_2_act_2 best_rider_2_act_3 best_rider_2_area
422 33745.86712966162 6245.867129661626 137.8959510998993 321.5347573635797 0.0 55 0.0
rider 9 = {258, 132, 133, 6, 394, 148, 149, 153, 410, 154, 156, 285, 158, 291, 163, 164, 38, 166, 298, 426, 430, 303, 177, 435, 52, 309, 182, 442, 187, 318, 449, 452, 197, 453, 71, 196, 79, 82, 83, 340, 210, 212, 87, 472, 473, 90, 475, 489, 233, 109, 241}
best_rider_2_centroid best_rider_2_obj best_rider_2_radius best_rider_2_act_1 best_rider_2_act_2 best_rider_2_act_3 best_rider_2_area
90 29149.96437296149 7149.96437296149 141.00688898291415 335.66416074971414 0.0 44 0.0
