instance_name algorithm_name iter_idx best_objective violate_value violate_farm
DU500-P10-T0.1 -local_search_repaired- 7 316995.54512529506 0 245000
nb_riders nb_polygons
10 500
rider 0 = {384, 389, 13, 397, 275, 407, 409, 284, 34, 35, 290, 162, 39, 40, 436, 182, 184, 313, 443, 60, 62, 190, 321, 323, 455, 328, 207, 208, 337, 464, 213, 475, 219, 357, 361, 362, 234, 108, 490, 238, 367, 113, 371, 243}
best_rider_2_centroid best_rider_2_obj best_rider_2_radius best_rider_2_act_1 best_rider_2_act_2 best_rider_2_act_3 best_rider_2_area
190 31270.927171850377 5770.927171850376 126.076949800548 300.9486089980044 0.0 51 0.0
rider 1 = {260, 395, 396, 22, 26, 411, 412, 157, 30, 287, 416, 417, 420, 293, 424, 425, 168, 176, 53, 310, 189, 193, 454, 458, 76, 205, 467, 211, 218, 93, 99, 100, 101, 487, 104, 107, 365, 366, 244, 375, 253}
best_rider_2_centroid best_rider_2_obj best_rider_2_radius best_rider_2_act_1 best_rider_2_act_2 best_rider_2_act_3 best_rider_2_area
396 26645.424085498333 4645.424085498332 123.28361728626021 310.992615147605 0.0 44 0.0
rider 2 = {129, 2, 3, 131, 7, 135, 265, 268, 143, 17, 273, 146, 21, 423, 41, 43, 44, 171, 302, 47, 174, 312, 57, 314, 316, 317, 319, 64, 447, 194, 68, 199, 202, 468, 470, 87, 88, 343, 346, 349, 223, 102, 358, 492, 495, 115, 246, 254, 122, 252, 126}
best_rider_2_centroid best_rider_2_obj best_rider_2_radius best_rider_2_act_1 best_rider_2_act_2 best_rider_2_act_3 best_rider_2_area
171 28576.89115886675 8076.891158866751 138.2192279981952 366.53285682395557 0.0 41 0.0
rider 3 = {130, 387, 390, 134, 393, 266, 137, 140, 141, 16, 144, 145, 147, 20, 278, 155, 159, 418, 37, 165, 300, 175, 304, 51, 307, 180, 54, 444, 445, 318, 320, 192, 80, 210, 86, 214, 472, 92, 220, 221, 95, 352, 232, 494, 497, 498, 499, 118, 377, 380, 381}
best_rider_2_centroid best_rider_2_obj best_rider_2_radius best_rider_2_act_1 best_rider_2_act_2 best_rider_2_act_3 best_rider_2_area
95 31183.4271376368 8183.427137636802 140.47098294794722 340.95363060747127 0.0 46 0.0
rider 4 = {388, 10, 142, 151, 152, 421, 296, 297, 298, 299, 170, 301, 173, 432, 179, 441, 58, 186, 63, 448, 66, 67, 73, 459, 462, 209, 465, 84, 85, 477, 478, 481, 483, 229, 103, 359, 231, 250, 236, 237, 239, 251, 241, 114, 120, 378, 123}
best_rider_2_centroid best_rider_2_obj best_rider_2_radius best_rider_2_act_1 best_rider_2_act_2 best_rider_2_act_3 best_rider_2_area
448 30676.78098546608 6676.780985466082 138.37292700967828 337.54008502431515 0.0 48 0.0
rider 5 = {263, 264, 11, 271, 272, 274, 279, 25, 410, 31, 32, 38, 422, 172, 45, 430, 311, 439, 440, 183, 442, 446, 449, 195, 453, 70, 327, 456, 82, 340, 212, 216, 217, 347, 479, 96, 226, 482, 356, 485, 488, 489, 233, 235, 110, 248, 249, 255}
best_rider_2_centroid best_rider_2_obj best_rider_2_radius best_rider_2_act_1 best_rider_2_act_2 best_rider_2_act_3 best_rider_2_area
25 34689.856494517706 6189.856494517706 133.21577207834602 317.9261893128591 0.0 57 0.0
rider 6 = {128, 4, 261, 133, 139, 270, 18, 277, 408, 282, 413, 288, 161, 419, 36, 292, 42, 46, 431, 306, 52, 309, 181, 437, 56, 191, 322, 324, 452, 326, 332, 77, 78, 335, 460, 338, 341, 215, 473, 474, 350, 353, 354, 355, 227, 360, 105, 106, 363, 372, 117, 374, 373, 121, 127}
best_rider_2_centroid best_rider_2_obj best_rider_2_radius best_rider_2_act_1 best_rider_2_act_2 best_rider_2_act_3 best_rider_2_area
161 32802.60763581585 9302.607635815853 145.43473302667232 305.9768401873875 0.0 47 0.0
rider 7 = {0, 257, 1, 5, 391, 8, 392, 269, 398, 399, 19, 403, 24, 283, 27, 29, 414, 415, 160, 33, 289, 164, 294, 167, 429, 305, 49, 50, 308, 59, 188, 65, 450, 198, 201, 330, 457, 461, 334, 206, 336, 466, 339, 342, 471, 344, 345, 91, 348, 476, 222, 351, 480, 97, 486, 368, 496, 119, 124, 382}
best_rider_2_centroid best_rider_2_obj best_rider_2_radius best_rider_2_act_1 best_rider_2_act_2 best_rider_2_act_3 best_rider_2_area
351 40177.70106410588 8677.70106410588 149.29924395674746 359.15848678551544 0.0 63 0.0
rider 8 = {385, 259, 262, 6, 136, 9, 267, 12, 14, 276, 405, 150, 23, 280, 28, 295, 169, 428, 48, 433, 434, 438, 315, 61, 451, 325, 69, 72, 329, 331, 204, 333, 463, 469, 94, 224, 225, 484, 491, 364, 112, 242, 245, 376, 379, 125, 383}
best_rider_2_centroid best_rider_2_obj best_rider_2_radius best_rider_2_act_1 best_rider_2_act_2 best_rider_2_act_3 best_rider_2_area
438 29611.78867896552 5611.7886789655195 125.5374580027897 333.63729614591483 0.0 48 0.0
rider 9 = {256, 258, 386, 132, 138, 394, 15, 400, 401, 402, 148, 404, 149, 406, 281, 154, 153, 156, 285, 286, 158, 291, 163, 166, 426, 427, 303, 177, 178, 435, 55, 185, 187, 196, 197, 71, 200, 74, 75, 203, 79, 81, 83, 89, 90, 98, 228, 230, 109, 493, 111, 240, 369, 370, 116, 247}
best_rider_2_centroid best_rider_2_obj best_rider_2_radius best_rider_2_act_1 best_rider_2_act_2 best_rider_2_act_3 best_rider_2_area
71 31360.140712571752 8860.140712571752 149.86409452465813 360.8597961966393 0.0 45 0.0
