instance_name algorithm_name iter_idx best_objective violate_value violate_farm
DU500-P10-T0.1 -local_search_repaired- 5 313766.97070095723 0 245500
nb_riders nb_polygons
10 500
rider 0 = {387, 12, 13, 20, 405, 23, 284, 285, 157, 290, 35, 162, 39, 428, 434, 178, 438, 184, 313, 443, 60, 62, 190, 320, 193, 323, 198, 202, 204, 207, 208, 337, 464, 219, 92, 93, 99, 484, 101, 357, 487, 360, 106, 490, 234, 238, 498, 243, 121}
best_rider_2_centroid best_rider_2_obj best_rider_2_radius best_rider_2_act_1 best_rider_2_act_2 best_rider_2_act_3 best_rider_2_area
434 31578.664877339677 7078.664877339677 125.85624271741464 322.6724692707805 0.0 49 0.0
rider 1 = {131, 7, 138, 267, 272, 18, 402, 22, 406, 26, 282, 413, 288, 293, 421, 296, 41, 42, 170, 46, 303, 47, 309, 181, 449, 66, 454, 200, 460, 205, 462, 340, 213, 212, 472, 89, 474, 347, 216, 478, 493, 239, 114, 499}
best_rider_2_centroid best_rider_2_obj best_rider_2_radius best_rider_2_act_1 best_rider_2_act_2 best_rider_2_act_3 best_rider_2_area
406 28821.20636467384 6321.206364673841 126.65070503723874 306.1525723492068 0.0 45 0.0
rider 2 = {256, 129, 2, 258, 389, 6, 135, 9, 265, 394, 268, 397, 143, 17, 273, 150, 409, 29, 286, 31, 294, 168, 43, 302, 174, 48, 312, 316, 61, 445, 69, 455, 74, 79, 469, 343, 218, 482, 362, 240, 246, 249, 122, 123}
best_rider_2_centroid best_rider_2_obj best_rider_2_radius best_rider_2_act_1 best_rider_2_act_2 best_rider_2_act_3 best_rider_2_area
43 24622.84593541443 5122.845935414427 126.89373292057418 321.0311525399616 0.0 39 0.0
rider 3 = {130, 132, 134, 137, 393, 141, 144, 401, 145, 147, 149, 407, 154, 155, 418, 291, 37, 165, 295, 169, 427, 300, 430, 175, 51, 307, 435, 54, 436, 182, 439, 440, 185, 442, 318, 321, 195, 70, 86, 217, 225, 485, 232, 367, 113, 369, 245, 118, 255}
best_rider_2_centroid best_rider_2_obj best_rider_2_radius best_rider_2_act_1 best_rider_2_act_2 best_rider_2_act_3 best_rider_2_area
185 28192.183463142203 6692.183463142203 139.16278508180187 346.6238617335692 0.0 43 0.0
rider 4 = {386, 4, 10, 11, 270, 400, 275, 408, 152, 410, 32, 36, 422, 40, 299, 301, 431, 183, 186, 446, 194, 67, 452, 453, 71, 456, 73, 203, 209, 83, 215, 473, 221, 477, 479, 97, 356, 231, 488, 361, 250, 235, 108, 236, 237, 497, 370, 116, 117, 120, 378, 251, 253}
best_rider_2_centroid best_rider_2_obj best_rider_2_radius best_rider_2_act_1 best_rider_2_act_2 best_rider_2_act_3 best_rider_2_area
301 34134.93347241731 6634.933472417308 147.27810704678095 346.3586266831073 0.0 55 0.0
rider 5 = {260, 263, 264, 392, 271, 16, 146, 279, 151, 25, 158, 414, 160, 161, 38, 172, 45, 179, 180, 437, 311, 56, 57, 58, 441, 191, 192, 448, 330, 75, 77, 206, 80, 465, 466, 84, 85, 220, 481, 226, 483, 103, 104, 233, 489, 494, 242, 371, 373, 248}
best_rider_2_centroid best_rider_2_obj best_rider_2_radius best_rider_2_act_1 best_rider_2_act_2 best_rider_2_act_3 best_rider_2_area
58 32651.498696763923 8151.498696763924 133.95083068902557 315.94719178683107 0.0 49 0.0
rider 6 = {128, 3, 261, 133, 266, 139, 398, 404, 277, 278, 280, 34, 419, 298, 171, 426, 304, 306, 52, 444, 317, 322, 324, 197, 326, 328, 78, 335, 338, 82, 341, 342, 90, 475, 350, 351, 95, 353, 354, 355, 98, 223, 102, 224, 227, 105, 363, 111, 372, 377, 381, 126, 127}
best_rider_2_centroid best_rider_2_obj best_rider_2_radius best_rider_2_act_1 best_rider_2_act_2 best_rider_2_act_3 best_rider_2_area
298 31151.784290187054 8651.784290187055 145.50220798584562 334.56896641069085 0.0 45 0.0
rider 7 = {0, 257, 1, 385, 8, 136, 395, 140, 269, 19, 403, 24, 283, 27, 287, 415, 33, 292, 173, 176, 305, 50, 49, 308, 432, 310, 59, 187, 188, 319, 65, 450, 68, 327, 72, 201, 457, 331, 461, 334, 336, 339, 468, 214, 344, 345, 91, 348, 349, 476, 222, 229, 358, 359, 486, 254, 382}
best_rider_2_centroid best_rider_2_obj best_rider_2_radius best_rider_2_act_1 best_rider_2_act_2 best_rider_2_act_3 best_rider_2_area
59 36394.57241702221 7394.572417022206 144.85790267545926 358.82259803681865 0.0 58 0.0
rider 8 = {384, 259, 262, 396, 14, 274, 276, 21, 411, 412, 30, 416, 420, 423, 424, 425, 44, 429, 433, 53, 315, 189, 447, 451, 325, 329, 458, 459, 332, 76, 333, 463, 211, 467, 470, 88, 94, 480, 100, 366, 112, 368, 496, 115, 252, 375, 379, 124, 125}
best_rider_2_centroid best_rider_2_obj best_rider_2_radius best_rider_2_act_1 best_rider_2_act_2 best_rider_2_act_3 best_rider_2_area
384 34613.436652310105 5113.436652310104 134.18419448590953 331.0856231260481 0.0 59 0.0
rider 9 = {388, 5, 390, 391, 142, 15, 399, 148, 281, 153, 28, 156, 159, 289, 417, 163, 164, 166, 167, 297, 177, 55, 314, 63, 64, 196, 199, 81, 210, 87, 471, 346, 247, 96, 352, 228, 230, 107, 364, 365, 110, 109, 491, 492, 495, 241, 244, 374, 119, 376, 380, 383}
best_rider_2_centroid best_rider_2_obj best_rider_2_radius best_rider_2_act_1 best_rider_2_act_2 best_rider_2_act_3 best_rider_2_area
380 31605.844531686493 7105.844531686494 145.43829799179233 351.2633432926537 0.0 49 0.0
