instance_name algorithm_name iter_idx best_objective violate_value violate_farm
DU500-P10 -local_search_repaired- 6 367140.1835431374 0 276500
nb_riders nb_polygons
10 500
rider 0 = {257, 134, 390, 264, 395, 14, 146, 20, 26, 283, 285, 158, 32, 425, 304, 307, 53, 182, 313, 443, 60, 445, 446, 63, 321, 322, 449, 70, 326, 198, 200, 330, 201, 456, 78, 213, 473, 346, 481, 354, 358, 489, 491, 365, 111, 495, 241, 243, 124, 382}
best_rider_2_centroid best_rider_2_obj best_rider_2_radius best_rider_2_act_1 best_rider_2_act_2 best_rider_2_act_3 best_rider_2_area
78 39660.810921816585 9160.810921816586 133.89858887453025 333.5221539948037 0.0 61 0.0
rider 1 = {128, 260, 262, 393, 266, 267, 394, 397, 143, 400, 273, 18, 410, 412, 34, 40, 426, 306, 51, 436, 55, 442, 186, 193, 66, 194, 68, 451, 196, 327, 457, 341, 471, 223, 224, 100, 485, 359, 104, 361, 493, 366, 112, 115, 375, 120, 123, 253, 127}
best_rider_2_centroid best_rider_2_obj best_rider_2_radius best_rider_2_act_1 best_rider_2_act_2 best_rider_2_act_3 best_rider_2_area
426 38063.81084144264 9563.810841442637 134.86649746136115 342.1925145987254 0.0 57 0.0
rider 2 = {385, 2, 3, 258, 6, 265, 277, 21, 405, 154, 28, 157, 286, 290, 41, 44, 429, 48, 49, 181, 310, 312, 185, 316, 319, 320, 455, 461, 336, 337, 84, 340, 343, 88, 93, 349, 352, 102, 103, 487, 105, 364, 492, 494, 372, 125, 246, 121, 122, 379, 381, 126}
best_rider_2_centroid best_rider_2_obj best_rider_2_radius best_rider_2_act_1 best_rider_2_act_2 best_rider_2_act_3 best_rider_2_area
352 36437.0461055617 8937.046105561698 143.71376268004485 320.6259090871983 0.0 55 0.0
rider 3 = {130, 141, 144, 401, 147, 278, 407, 155, 291, 37, 167, 169, 300, 172, 305, 177, 179, 308, 309, 180, 435, 439, 440, 315, 318, 190, 447, 195, 325, 72, 458, 333, 77, 464, 210, 211, 469, 86, 91, 92, 350, 479, 480, 353, 490, 371, 499, 117, 254}
best_rider_2_centroid best_rider_2_obj best_rider_2_radius best_rider_2_act_1 best_rider_2_act_2 best_rider_2_act_3 best_rider_2_area
37 37487.847848091864 9987.847848091862 134.3540765140274 344.90083519873076 0.0 55 0.0
rider 4 = {386, 388, 391, 10, 138, 398, 272, 17, 19, 413, 30, 420, 297, 299, 171, 301, 176, 58, 187, 188, 448, 65, 67, 324, 71, 329, 203, 76, 462, 463, 209, 466, 467, 212, 85, 215, 472, 474, 347, 477, 97, 356, 231, 235, 108, 236, 237, 114, 244, 373}
best_rider_2_centroid best_rider_2_obj best_rider_2_radius best_rider_2_act_1 best_rider_2_act_2 best_rider_2_act_3 best_rider_2_area
19 37662.323786708315 8162.323786708314 133.15480482937687 345.38494598666495 0.0 59 0.0
rider 5 = {135, 268, 142, 271, 16, 274, 275, 402, 279, 25, 156, 414, 416, 160, 417, 165, 38, 422, 423, 428, 47, 175, 54, 311, 57, 192, 199, 202, 75, 80, 81, 83, 216, 220, 94, 225, 249, 230, 360, 232, 110, 368, 113, 370, 497, 242, 248, 377, 383}
best_rider_2_centroid best_rider_2_obj best_rider_2_radius best_rider_2_act_1 best_rider_2_act_2 best_rider_2_act_3 best_rider_2_area
199 35167.356735446796 9167.356735446796 140.2849511836341 328.9557360105181 0.0 52 0.0
rider 6 = {4, 133, 392, 11, 139, 270, 276, 149, 152, 281, 282, 409, 411, 415, 288, 289, 161, 419, 36, 421, 42, 170, 431, 434, 52, 183, 56, 441, 317, 62, 450, 323, 197, 454, 328, 74, 332, 208, 465, 338, 89, 218, 226, 99, 355, 483, 227, 106, 234, 367, 374, 376, 255}
best_rider_2_centroid best_rider_2_obj best_rider_2_radius best_rider_2_act_1 best_rider_2_act_2 best_rider_2_act_3 best_rider_2_area
323 39473.7921839369 10473.792183936903 142.97720795205896 323.77267607199536 0.0 58 0.0
rider 7 = {0, 1, 129, 259, 131, 5, 389, 7, 8, 140, 13, 399, 22, 24, 408, 31, 287, 295, 168, 298, 173, 50, 453, 73, 459, 334, 335, 339, 214, 344, 345, 348, 476, 222, 351, 484, 357, 101, 229, 486, 488, 362, 238, 498, 119, 378, 251}
best_rider_2_centroid best_rider_2_obj best_rider_2_radius best_rider_2_act_1 best_rider_2_act_2 best_rider_2_act_3 best_rider_2_area
7 34047.13801229981 8547.138012299805 131.8410750274607 334.2681012891872 0.0 51 0.0
rider 8 = {384, 387, 132, 261, 263, 9, 137, 12, 145, 150, 23, 280, 151, 27, 284, 159, 33, 35, 39, 424, 302, 303, 174, 432, 438, 184, 59, 61, 189, 191, 69, 331, 204, 205, 206, 82, 468, 342, 470, 219, 95, 96, 98, 482, 363, 239, 496, 369, 245, 118, 250, 252}
best_rider_2_centroid best_rider_2_obj best_rider_2_radius best_rider_2_act_1 best_rider_2_act_2 best_rider_2_act_3 best_rider_2_area
250 34800.38082309291 8300.380823092917 131.7501031136464 341.95106796591017 0.0 53 0.0
rider 9 = {256, 136, 396, 269, 15, 403, 148, 404, 406, 153, 29, 162, 163, 292, 293, 294, 164, 296, 166, 418, 43, 427, 45, 46, 430, 433, 178, 437, 314, 444, 64, 452, 460, 79, 207, 87, 217, 90, 475, 221, 478, 228, 233, 107, 109, 240, 116, 247, 380}
best_rider_2_centroid best_rider_2_obj best_rider_2_radius best_rider_2_act_1 best_rider_2_act_2 best_rider_2_act_3 best_rider_2_area
228 34339.67628473989 8339.676284739897 142.93393899570194 318.9524650259337 0.0 52 0.0
