instance_name algorithm_name iter_idx best_objective violate_value violate_farm
DU500-P10 -local_search_repaired- 5 396537.4910964253 0 305000
nb_riders nb_polygons
10 500
rider 0 = {256, 128, 392, 398, 18, 402, 403, 149, 153, 162, 39, 426, 427, 301, 431, 304, 433, 435, 52, 182, 313, 444, 449, 323, 325, 326, 200, 202, 204, 78, 208, 337, 340, 469, 213, 218, 347, 219, 224, 480, 248, 357, 102, 486, 106, 111, 239, 120, 122, 124, 383}
best_rider_2_centroid best_rider_2_obj best_rider_2_radius best_rider_2_act_1 best_rider_2_act_2 best_rider_2_act_3 best_rider_2_area
340 44083.32318980754 8583.323189807541 142.52009218112846 341.0514724664193 0.0 71 0.0
rider 1 = {134, 13, 270, 14, 272, 17, 143, 404, 22, 151, 26, 30, 287, 161, 34, 37, 422, 43, 303, 53, 309, 438, 56, 443, 193, 194, 451, 324, 452, 197, 454, 329, 205, 463, 81, 467, 211, 342, 344, 472, 216, 349, 93, 222, 479, 356, 101, 104, 488, 490, 107, 364, 497, 371, 244, 253}
best_rider_2_centroid best_rider_2_obj best_rider_2_radius best_rider_2_act_1 best_rider_2_act_2 best_rider_2_act_3 best_rider_2_area
472 42974.3990919155 10474.399091915499 139.76712684269805 347.8218877567591 0.0 65 0.0
rider 2 = {129, 3, 387, 6, 7, 264, 266, 394, 268, 146, 277, 408, 281, 31, 289, 291, 164, 295, 296, 430, 174, 434, 436, 180, 440, 57, 314, 316, 62, 319, 446, 69, 336, 464, 343, 215, 345, 481, 99, 249, 365, 495, 372, 246, 376, 377}
best_rider_2_centroid best_rider_2_obj best_rider_2_radius best_rider_2_act_1 best_rider_2_act_2 best_rider_2_act_3 best_rider_2_area
266 40047.55938166691 9047.559381666915 132.94579291776566 339.0288819240944 0.0 62 0.0
rider 3 = {132, 137, 141, 145, 148, 405, 150, 25, 418, 167, 40, 424, 168, 169, 300, 179, 312, 185, 58, 320, 195, 453, 455, 72, 331, 80, 212, 217, 92, 477, 478, 221, 352, 225, 98, 487, 360, 234, 366, 110, 367, 369, 112, 243, 116, 118, 378, 123, 254}
best_rider_2_centroid best_rider_2_obj best_rider_2_radius best_rider_2_act_1 best_rider_2_act_2 best_rider_2_act_3 best_rider_2_area
137 38724.268848319334 8724.268848319336 140.6679179944007 320.402596789711 0.0 60 0.0
rider 4 = {0, 386, 4, 388, 8, 138, 400, 19, 24, 152, 412, 414, 159, 36, 293, 421, 297, 170, 299, 47, 432, 51, 181, 183, 186, 67, 327, 73, 457, 458, 203, 461, 465, 86, 88, 247, 94, 97, 355, 100, 485, 231, 236, 237, 241, 498, 373, 117, 119, 250, 126}
best_rider_2_centroid best_rider_2_obj best_rider_2_radius best_rider_2_act_1 best_rider_2_act_2 best_rider_2_act_3 best_rider_2_area
19 39556.8882245422 9556.888224542201 138.71670271319277 343.4472450392418 0.0 60 0.0
rider 5 = {259, 260, 263, 136, 265, 393, 11, 395, 397, 139, 271, 16, 273, 409, 156, 29, 33, 420, 165, 425, 171, 44, 45, 428, 175, 49, 54, 311, 317, 322, 70, 71, 199, 456, 198, 76, 77, 462, 84, 473, 90, 226, 103, 361, 233, 492, 238, 113, 252, 245, 380}
best_rider_2_centroid best_rider_2_obj best_rider_2_radius best_rider_2_act_1 best_rider_2_act_2 best_rider_2_act_3 best_rider_2_area
199 36429.514167486006 8929.514167486002 136.59697088650532 327.7200650601432 0.0 55 0.0
rider 6 = {384, 385, 2, 133, 10, 140, 144, 147, 278, 407, 282, 283, 285, 157, 415, 419, 292, 298, 46, 441, 192, 65, 450, 328, 74, 330, 332, 459, 79, 466, 339, 468, 341, 470, 346, 474, 220, 350, 95, 96, 353, 223, 227, 232, 105, 362, 363, 374, 121}
best_rider_2_centroid best_rider_2_obj best_rider_2_radius best_rider_2_act_1 best_rider_2_act_2 best_rider_2_act_3 best_rider_2_area
278 39711.865661050324 9211.865661050322 140.3416563759664 337.3384810598986 0.0 61 0.0
rider 7 = {1, 257, 131, 261, 391, 9, 406, 155, 160, 35, 38, 166, 41, 173, 176, 305, 50, 307, 306, 310, 439, 60, 189, 318, 190, 191, 321, 66, 68, 75, 335, 207, 85, 471, 89, 91, 348, 476, 351, 483, 229, 359, 489, 235, 108, 109, 114, 370, 499, 251, 125}
best_rider_2_centroid best_rider_2_obj best_rider_2_radius best_rider_2_act_1 best_rider_2_act_2 best_rider_2_act_3 best_rider_2_area
66 39573.893058311674 9573.89305831167 135.68538205262124 331.85102617468516 0.0 60 0.0
rider 8 = {389, 262, 390, 135, 267, 12, 269, 399, 401, 274, 276, 23, 280, 279, 410, 27, 284, 411, 286, 288, 32, 416, 417, 42, 302, 48, 308, 437, 184, 442, 59, 61, 447, 64, 333, 206, 209, 83, 214, 475, 354, 482, 358, 368, 115, 375, 379, 381, 255}
best_rider_2_centroid best_rider_2_obj best_rider_2_radius best_rider_2_act_1 best_rider_2_act_2 best_rider_2_act_3 best_rider_2_area
64 40431.81126510624 8931.811265106238 131.70020306788462 324.7134389136282 0.0 63 0.0
rider 9 = {258, 130, 5, 396, 142, 15, 275, 20, 21, 154, 28, 413, 158, 290, 163, 294, 423, 172, 429, 177, 178, 55, 315, 187, 188, 445, 63, 448, 196, 201, 460, 334, 338, 82, 210, 87, 484, 228, 230, 491, 493, 494, 496, 240, 242, 382, 127}
best_rider_2_centroid best_rider_2_obj best_rider_2_radius best_rider_2_act_1 best_rider_2_act_2 best_rider_2_act_3 best_rider_2_area
338 35003.96820821957 8503.968208219572 130.83316159967944 321.15131004508726 0.0 53 0.0
