instance_name algorithm_name iter_idx best_objective violate_value violate_farm
DU500-P10 -local_search_repaired- 3 371721.6317214124 0 280500
nb_riders nb_polygons
10 500
rider 0 = {385, 3, 266, 12, 275, 26, 155, 28, 412, 30, 288, 416, 290, 34, 166, 39, 425, 300, 173, 46, 428, 304, 54, 441, 62, 446, 320, 66, 323, 326, 198, 202, 331, 333, 461, 337, 343, 471, 473, 219, 479, 353, 98, 225, 483, 101, 102, 358, 485, 368, 369, 120, 121, 378, 255}
best_rider_2_centroid best_rider_2_obj best_rider_2_radius best_rider_2_act_1 best_rider_2_act_2 best_rider_2_act_3 best_rider_2_area
266 43727.092661012844 10727.092661012846 141.9700475512638 332.28306837047774 0.0 66 0.0
rider 1 = {9, 15, 17, 20, 22, 406, 282, 157, 161, 293, 424, 174, 306, 308, 309, 310, 438, 439, 445, 193, 324, 454, 455, 74, 460, 81, 82, 469, 342, 470, 216, 217, 218, 349, 93, 222, 224, 482, 100, 487, 361, 362, 107, 493, 243, 373, 247, 250, 382}
best_rider_2_centroid best_rider_2_obj best_rider_2_radius best_rider_2_act_1 best_rider_2_act_2 best_rider_2_act_3 best_rider_2_area
224 38707.48629897016 8707.48629897016 133.16526736169774 331.289548913669 0.0 60 0.0
rider 2 = {256, 2, 265, 13, 146, 405, 409, 410, 284, 29, 159, 167, 44, 47, 431, 433, 435, 181, 55, 183, 313, 57, 186, 316, 190, 194, 450, 69, 329, 458, 339, 84, 341, 211, 467, 215, 92, 95, 227, 229, 363, 491, 366, 238, 496, 370, 117, 375, 122, 380, 125}
best_rider_2_centroid best_rider_2_obj best_rider_2_radius best_rider_2_act_1 best_rider_2_act_2 best_rider_2_act_3 best_rider_2_area
265 39722.863090101826 9722.863090101828 140.26404404106464 348.1326044053753 0.0 60 0.0
rider 3 = {131, 390, 7, 134, 137, 138, 11, 141, 144, 145, 150, 408, 25, 411, 418, 419, 295, 169, 302, 48, 177, 51, 312, 56, 185, 315, 318, 321, 195, 197, 456, 80, 210, 86, 348, 220, 221, 489, 110, 111, 495, 240, 498, 499, 118, 246, 383}
best_rider_2_centroid best_rider_2_obj best_rider_2_radius best_rider_2_act_1 best_rider_2_act_2 best_rider_2_act_3 best_rider_2_area
169 29951.74079321597 7451.7407932159695 131.3074295321027 327.7129862402773 0.0 45 0.0
rider 4 = {132, 393, 10, 395, 272, 289, 36, 37, 294, 422, 40, 296, 172, 301, 175, 176, 440, 63, 64, 447, 448, 67, 328, 73, 457, 459, 78, 79, 209, 466, 468, 85, 477, 253, 97, 355, 359, 232, 106, 234, 108, 365, 239, 241, 371, 249, 381}
best_rider_2_centroid best_rider_2_obj best_rider_2_radius best_rider_2_act_1 best_rider_2_act_2 best_rider_2_act_3 best_rider_2_area
381 35296.63804306516 8796.63804306516 136.29913704276285 319.2576693452185 0.0 53 0.0
rider 5 = {386, 388, 5, 263, 264, 391, 267, 268, 397, 271, 19, 403, 404, 147, 158, 414, 160, 165, 38, 423, 426, 171, 429, 49, 179, 311, 443, 61, 191, 452, 70, 199, 76, 204, 206, 463, 462, 83, 212, 88, 474, 475, 223, 96, 481, 99, 231, 237, 251, 379}
best_rider_2_centroid best_rider_2_obj best_rider_2_radius best_rider_2_act_1 best_rider_2_act_2 best_rider_2_act_3 best_rider_2_area
199 38256.522813959455 9256.522813959451 130.45345422990636 330.04995772354414 0.0 58 0.0
rider 6 = {128, 260, 4, 133, 398, 399, 273, 18, 276, 277, 278, 23, 152, 156, 162, 292, 420, 297, 170, 43, 432, 437, 187, 317, 65, 322, 451, 203, 77, 205, 335, 207, 208, 465, 344, 89, 90, 346, 347, 350, 351, 226, 357, 360, 105, 233, 235, 494, 116, 374, 126, 127}
best_rider_2_centroid best_rider_2_obj best_rider_2_radius best_rider_2_act_1 best_rider_2_act_2 best_rider_2_act_3 best_rider_2_area
233 37797.483684031635 9797.483684031633 138.50461087780408 333.23937389176166 0.0 56 0.0
rider 7 = {0, 257, 1, 384, 129, 387, 262, 6, 8, 136, 396, 269, 143, 16, 279, 24, 283, 285, 286, 31, 287, 33, 35, 421, 168, 299, 305, 178, 53, 442, 59, 60, 188, 319, 327, 330, 334, 336, 338, 214, 345, 476, 480, 356, 103, 236, 367, 244, 119, 123, 254}
best_rider_2_centroid best_rider_2_obj best_rider_2_radius best_rider_2_act_1 best_rider_2_act_2 best_rider_2_act_3 best_rider_2_area
254 34094.934803873286 9094.934803873286 139.2060481525736 338.2114427690128 0.0 50 0.0
rider 8 = {259, 261, 392, 139, 140, 270, 14, 401, 274, 21, 407, 280, 281, 151, 27, 415, 32, 417, 41, 42, 427, 45, 50, 434, 180, 184, 314, 58, 189, 68, 325, 71, 72, 201, 332, 91, 94, 354, 484, 486, 104, 490, 492, 112, 497, 114, 115, 242, 245, 252, 377, 124}
best_rider_2_centroid best_rider_2_obj best_rider_2_radius best_rider_2_act_1 best_rider_2_act_2 best_rider_2_act_3 best_rider_2_area
281 37913.7333218778 9913.7333218778 135.90099293635546 344.2321582714827 0.0 56 0.0
rider 9 = {258, 130, 389, 135, 394, 142, 400, 402, 148, 149, 153, 154, 413, 291, 163, 164, 298, 430, 303, 307, 52, 436, 182, 444, 192, 449, 196, 453, 200, 75, 464, 340, 213, 87, 472, 478, 352, 248, 228, 230, 488, 364, 109, 113, 372, 376}
best_rider_2_centroid best_rider_2_obj best_rider_2_radius best_rider_2_act_1 best_rider_2_act_2 best_rider_2_act_3 best_rider_2_area
298 36253.13621130427 7753.13621130427 142.70397490631143 330.1175952988485 0.0 57 0.0
