instance_name algorithm_name iter_idx best_objective violate_value violate_farm
DU500-P10-T0.1 -local_search_repaired- 3 315703.8547759842 0 244500
nb_riders nb_polygons
10 500
rider 0 = {386, 259, 3, 266, 12, 13, 400, 18, 275, 402, 408, 410, 285, 413, 38, 422, 40, 170, 437, 56, 313, 60, 446, 320, 323, 452, 326, 327, 71, 70, 456, 200, 460, 337, 213, 475, 219, 97, 354, 102, 361, 234, 108, 238, 370, 248}
best_rider_2_centroid best_rider_2_obj best_rider_2_radius best_rider_2_act_1 best_rider_2_act_2 best_rider_2_act_3 best_rider_2_area
460 31270.239838403188 6270.239838403187 130.62795881478468 320.0157834414355 0.0 50 0.0
rider 1 = {387, 260, 262, 269, 143, 17, 411, 157, 423, 424, 425, 168, 428, 47, 176, 53, 181, 55, 189, 193, 451, 454, 72, 205, 463, 467, 211, 343, 220, 349, 93, 99, 100, 484, 104, 107, 366, 112, 498, 243, 244, 375, 379, 253}
best_rider_2_centroid best_rider_2_obj best_rider_2_radius best_rider_2_act_1 best_rider_2_act_2 best_rider_2_act_3 best_rider_2_area
463 29138.763503728955 5138.763503728955 126.04820635145802 312.7486175391359 0.0 48 0.0
rider 2 = {256, 128, 2, 258, 4, 129, 6, 131, 135, 9, 265, 138, 146, 277, 405, 406, 282, 284, 29, 286, 31, 161, 290, 291, 37, 298, 431, 50, 178, 312, 186, 316, 317, 448, 449, 194, 455, 202, 204, 83, 215, 483, 356, 485, 359, 231, 105, 235, 240, 373, 246, 120, 122, 127}
best_rider_2_centroid best_rider_2_obj best_rider_2_radius best_rider_2_act_1 best_rider_2_act_2 best_rider_2_act_3 best_rider_2_area
298 33836.95381509203 8836.953815092029 137.73304850609964 360.5485007604958 0.0 50 0.0
rider 3 = {130, 132, 134, 137, 268, 140, 141, 397, 144, 145, 147, 20, 149, 150, 25, 155, 418, 35, 295, 39, 427, 300, 174, 303, 177, 307, 51, 436, 54, 182, 184, 185, 442, 443, 62, 318, 190, 321, 195, 74, 464, 82, 86, 217, 357, 487, 362, 113, 255}
best_rider_2_centroid best_rider_2_obj best_rider_2_radius best_rider_2_act_1 best_rider_2_act_2 best_rider_2_act_3 best_rider_2_area
130 24548.411455489833 6548.411455489835 142.2803663361349 361.28616977686073 0.0 36 0.0
rider 4 = {385, 10, 142, 24, 281, 409, 152, 32, 294, 167, 43, 301, 434, 179, 438, 63, 447, 67, 458, 76, 461, 209, 468, 469, 472, 345, 218, 92, 477, 223, 352, 224, 482, 101, 230, 236, 365, 237, 239, 368, 254, 376, 251, 380, 126}
best_rider_2_centroid best_rider_2_obj best_rider_2_radius best_rider_2_act_1 best_rider_2_act_2 best_rider_2_act_3 best_rider_2_area
385 32144.484988341857 6644.484988341859 128.69375561589405 320.5626548794384 0.0 51 0.0
rider 5 = {5, 263, 264, 271, 16, 273, 274, 272, 23, 279, 407, 26, 28, 160, 33, 162, 165, 426, 171, 45, 175, 311, 440, 444, 61, 445, 198, 199, 75, 77, 206, 80, 84, 340, 342, 212, 216, 225, 232, 110, 499, 245, 249, 250, 381, 383}
best_rider_2_centroid best_rider_2_obj best_rider_2_radius best_rider_2_act_1 best_rider_2_act_2 best_rider_2_act_3 best_rider_2_area
383 27530.440280542156 6530.440280542154 130.93090654170095 314.6602194255157 0.0 42 0.0
rider 6 = {389, 394, 11, 139, 270, 401, 404, 21, 278, 288, 34, 419, 36, 169, 299, 430, 304, 306, 435, 439, 183, 322, 66, 324, 453, 197, 328, 78, 335, 79, 208, 341, 473, 90, 350, 351, 96, 353, 98, 355, 95, 479, 226, 227, 360, 489, 490, 363, 493, 367, 111, 369, 371, 116, 372, 117, 374, 377}
best_rider_2_centroid best_rider_2_obj best_rider_2_radius best_rider_2_act_1 best_rider_2_act_2 best_rider_2_act_3 best_rider_2_area
430 38990.503756474405 9490.503756474403 149.15836754619323 354.08199405738867 0.0 59 0.0
rider 7 = {0, 257, 1, 390, 7, 8, 392, 395, 15, 19, 22, 283, 27, 414, 287, 289, 421, 173, 432, 49, 308, 309, 310, 59, 188, 319, 65, 450, 68, 73, 330, 457, 334, 336, 338, 339, 85, 471, 344, 474, 348, 476, 222, 480, 229, 486, 492, 496, 123, 124}
best_rider_2_centroid best_rider_2_obj best_rider_2_radius best_rider_2_act_1 best_rider_2_act_2 best_rider_2_act_3 best_rider_2_area
229 30105.36454815892 6105.364548158919 144.6128327658667 304.03106036066896 0.0 48 0.0
rider 8 = {384, 261, 391, 136, 267, 396, 14, 399, 403, 276, 280, 412, 30, 415, 416, 417, 420, 293, 41, 42, 44, 429, 302, 48, 433, 180, 58, 315, 64, 69, 325, 329, 201, 331, 332, 333, 459, 207, 470, 214, 88, 346, 91, 94, 358, 106, 491, 364, 495, 242, 115, 118, 121, 252, 125}
best_rider_2_centroid best_rider_2_obj best_rider_2_radius best_rider_2_act_1 best_rider_2_act_2 best_rider_2_act_3 best_rider_2_area
470 36779.01538181689 8279.015381816895 140.11936029755228 347.0250901798556 0.0 57 0.0
rider 9 = {388, 133, 393, 398, 148, 151, 153, 154, 156, 158, 159, 163, 292, 164, 166, 296, 297, 172, 46, 305, 52, 57, 314, 441, 187, 191, 192, 196, 203, 462, 81, 465, 466, 210, 87, 89, 347, 247, 221, 478, 481, 228, 103, 488, 233, 109, 494, 497, 114, 241, 119, 378, 382}
best_rider_2_centroid best_rider_2_obj best_rider_2_radius best_rider_2_act_1 best_rider_2_act_2 best_rider_2_act_3 best_rider_2_area
466 31359.67720793594 7359.677207935941 139.57020385615826 339.5663148088723 0.0 48 0.0
