instance_name algorithm_name iter_idx best_objective violate_value violate_farm
DU500-P10-T0.1 -local_search_repaired- 8 317945.53698607336 0 245000
nb_riders nb_polygons
10 500
rider 0 = {3, 389, 394, 12, 13, 404, 407, 34, 35, 162, 38, 39, 427, 431, 178, 435, 54, 182, 183, 313, 440, 185, 60, 442, 62, 445, 320, 321, 444, 323, 326, 70, 327, 202, 333, 78, 207, 337, 474, 219, 92, 350, 102, 234, 111, 113, 114, 371, 498, 248, 253}
best_rider_2_centroid best_rider_2_obj best_rider_2_radius best_rider_2_act_1 best_rider_2_act_2 best_rider_2_act_3 best_rider_2_area
13 32378.551709761276 7378.5517097612765 147.96969599673423 341.24203111000946 0.0 50 0.0
rider 1 = {385, 260, 269, 14, 399, 272, 22, 27, 157, 30, 287, 293, 168, 41, 42, 428, 306, 181, 310, 55, 61, 193, 66, 451, 454, 199, 457, 205, 211, 470, 217, 220, 222, 223, 352, 99, 100, 104, 107, 365, 243, 244, 375, 120, 250, 380}
best_rider_2_centroid best_rider_2_obj best_rider_2_radius best_rider_2_act_1 best_rider_2_act_2 best_rider_2_act_3 best_rider_2_area
399 26677.508003156283 6177.508003156281 135.58919054378617 318.1654900215048 0.0 41 0.0
rider 2 = {256, 258, 2, 131, 135, 9, 268, 397, 273, 17, 21, 150, 409, 28, 284, 31, 290, 294, 426, 43, 44, 50, 434, 438, 312, 316, 317, 455, 74, 204, 83, 468, 469, 343, 88, 349, 93, 482, 227, 357, 487, 235, 364, 366, 238, 240, 115, 246, 122, 252}
best_rider_2_centroid best_rider_2_obj best_rider_2_radius best_rider_2_act_1 best_rider_2_act_2 best_rider_2_act_3 best_rider_2_area
482 30420.25656315937 6420.2565631593725 129.92816382743484 364.6449582661529 0.0 48 0.0
rider 3 = {129, 130, 134, 7, 137, 266, 11, 138, 140, 141, 144, 145, 147, 20, 149, 406, 25, 155, 418, 37, 295, 302, 174, 48, 304, 177, 51, 308, 307, 318, 190, 192, 195, 80, 466, 210, 340, 86, 472, 478, 95, 97, 226, 105, 493, 497, 241, 373, 381, 255}
best_rider_2_centroid best_rider_2_obj best_rider_2_radius best_rider_2_act_1 best_rider_2_act_2 best_rider_2_act_3 best_rider_2_area
381 26189.76323941144 7689.76323941144 135.21176501588278 351.37809743292155 0.0 37 0.0
rider 4 = {384, 391, 10, 142, 398, 19, 152, 281, 412, 289, 163, 164, 167, 296, 297, 424, 301, 173, 441, 58, 186, 63, 448, 65, 450, 67, 201, 76, 461, 462, 79, 81, 209, 467, 84, 85, 212, 346, 91, 347, 218, 94, 477, 224, 480, 481, 126, 358, 103, 492, 236, 499, 378, 251, 382}
best_rider_2_centroid best_rider_2_obj best_rider_2_radius best_rider_2_act_1 best_rider_2_act_2 best_rider_2_act_3 best_rider_2_area
391 38122.5035679084 8122.503567908401 145.78087048916603 354.85772408424356 0.0 60 0.0
rider 5 = {257, 259, 388, 390, 263, 264, 265, 395, 16, 274, 146, 24, 26, 415, 416, 161, 160, 417, 420, 421, 165, 425, 171, 47, 175, 49, 432, 179, 180, 437, 311, 57, 198, 75, 77, 206, 208, 342, 483, 230, 232, 233, 108, 237, 110, 368, 242, 249}
best_rider_2_centroid best_rider_2_obj best_rider_2_radius best_rider_2_act_1 best_rider_2_act_2 best_rider_2_act_3 best_rider_2_area
415 33309.690399089915 7809.690399089915 137.42491067156286 321.5249294867324 0.0 51 0.0
rider 6 = {128, 4, 132, 133, 139, 270, 400, 18, 402, 277, 278, 280, 282, 410, 413, 288, 419, 36, 422, 170, 299, 439, 56, 322, 324, 452, 197, 453, 328, 203, 460, 334, 335, 341, 215, 89, 351, 96, 353, 98, 354, 356, 355, 231, 360, 488, 489, 363, 372, 117, 374, 121, 127}
best_rider_2_centroid best_rider_2_obj best_rider_2_radius best_rider_2_act_1 best_rider_2_act_2 best_rider_2_act_3 best_rider_2_area
203 33670.45594038189 8170.455940381896 140.0585717933175 315.9631998010965 0.0 51 0.0
rider 7 = {0, 1, 387, 5, 262, 6, 8, 136, 396, 15, 143, 403, 405, 23, 283, 29, 286, 33, 423, 429, 176, 53, 59, 189, 319, 447, 68, 72, 329, 73, 331, 458, 459, 463, 336, 338, 339, 214, 471, 344, 345, 348, 476, 484, 101, 229, 123, 491, 112, 496, 119, 379, 124, 125, 254}
best_rider_2_centroid best_rider_2_obj best_rider_2_radius best_rider_2_act_1 best_rider_2_act_2 best_rider_2_act_3 best_rider_2_area
125 31731.941256818154 7231.941256818153 149.72920665679246 347.27118420079006 0.0 49 0.0
rider 8 = {261, 267, 271, 401, 275, 276, 279, 32, 169, 300, 45, 430, 303, 172, 433, 436, 184, 443, 194, 325, 69, 71, 332, 464, 82, 213, 216, 473, 90, 475, 221, 225, 361, 362, 106, 490, 367, 239, 369, 370, 116, 245, 118, 377, 383}
best_rider_2_centroid best_rider_2_obj best_rider_2_radius best_rider_2_act_1 best_rider_2_act_2 best_rider_2_act_3 best_rider_2_area
430 31725.37462068777 6225.37462068777 123.87640137599051 312.0974881922881 0.0 51 0.0
rider 9 = {386, 392, 393, 148, 151, 408, 153, 154, 411, 156, 285, 158, 414, 159, 291, 292, 166, 40, 298, 46, 305, 52, 309, 314, 315, 187, 188, 446, 191, 64, 449, 196, 456, 200, 330, 465, 87, 479, 228, 485, 486, 359, 109, 494, 495, 247, 376}
best_rider_2_centroid best_rider_2_obj best_rider_2_radius best_rider_2_act_1 best_rider_2_act_2 best_rider_2_act_3 best_rider_2_area
52 33719.49168569883 7719.4916856988275 124.2062302611752 307.38130263392827 0.0 52 0.0
