instance_name algorithm_name iter_idx best_objective violate_value violate_farm
DU500-P10-T0.1 -local_search_repaired- 4 313651.045854845 0 243500
nb_riders nb_polygons
10 500
rider 0 = {392, 266, 12, 18, 275, 20, 281, 283, 284, 285, 32, 298, 46, 304, 178, 54, 182, 56, 313, 63, 66, 323, 70, 71, 202, 204, 333, 78, 81, 337, 212, 472, 474, 219, 95, 481, 229, 487, 108, 238, 111, 113, 243, 246, 247, 248, 253, 381, 383}
best_rider_2_centroid best_rider_2_obj best_rider_2_radius best_rider_2_act_1 best_rider_2_act_2 best_rider_2_act_3 best_rider_2_area
381 27157.06413514892 7657.064135148922 142.10868782214976 317.02165417970366 0.0 39 0.0
rider 1 = {388, 395, 396, 269, 14, 17, 403, 26, 411, 412, 157, 30, 416, 423, 424, 41, 168, 296, 428, 47, 176, 53, 310, 181, 189, 447, 193, 450, 454, 72, 457, 459, 211, 467, 470, 346, 222, 223, 480, 100, 101, 486, 359, 104, 364, 112, 368, 496, 115, 375}
best_rider_2_centroid best_rider_2_obj best_rider_2_radius best_rider_2_act_1 best_rider_2_act_2 best_rider_2_act_3 best_rider_2_area
115 35743.47532931463 5743.47532931463 128.4813062525828 333.31239285410794 0.0 60 0.0
rider 2 = {256, 129, 258, 2, 386, 261, 6, 131, 135, 394, 138, 13, 273, 401, 404, 277, 282, 31, 161, 291, 37, 294, 44, 430, 435, 183, 312, 439, 185, 442, 316, 61, 317, 444, 320, 190, 453, 74, 464, 83, 217, 475, 479, 354, 227, 485, 361, 235, 240, 370, 122, 126, 127}
best_rider_2_centroid best_rider_2_obj best_rider_2_radius best_rider_2_act_1 best_rider_2_act_2 best_rider_2_act_3 best_rider_2_area
442 35144.29160387506 7144.291603875063 144.96467977040226 357.79958452303333 0.0 56 0.0
rider 3 = {130, 134, 137, 268, 397, 141, 143, 144, 145, 140, 147, 278, 150, 409, 155, 28, 418, 35, 39, 295, 167, 302, 174, 48, 434, 307, 51, 438, 184, 318, 195, 455, 331, 80, 210, 469, 86, 343, 92, 225, 482, 484, 234, 236, 498, 245, 252, 254}
best_rider_2_centroid best_rider_2_obj best_rider_2_radius best_rider_2_act_1 best_rider_2_act_2 best_rider_2_act_3 best_rider_2_area
225 26824.207838185495 6324.207838185497 123.44276045012036 330.91430810542226 0.0 41 0.0
rider 4 = {4, 393, 10, 270, 400, 406, 151, 408, 25, 152, 410, 413, 414, 288, 36, 297, 170, 299, 301, 431, 441, 58, 186, 67, 327, 73, 460, 465, 466, 209, 84, 340, 215, 221, 477, 478, 97, 356, 231, 489, 494, 239, 497, 241, 373, 120, 377, 251}
best_rider_2_centroid best_rider_2_obj best_rider_2_radius best_rider_2_act_1 best_rider_2_act_2 best_rider_2_act_3 best_rider_2_area
186 34252.72438243597 5252.724382435967 131.98014235203465 325.6803563710837 0.0 58 0.0
rider 5 = {385, 259, 260, 387, 263, 264, 265, 136, 16, 272, 274, 146, 21, 405, 23, 24, 417, 165, 425, 171, 429, 175, 179, 311, 192, 451, 198, 199, 458, 76, 77, 468, 88, 220, 349, 94, 99, 357, 230, 232, 491, 492, 365, 110, 237, 242, 376, 249, 250, 379, 380}
best_rider_2_centroid best_rider_2_obj best_rider_2_radius best_rider_2_act_1 best_rider_2_act_2 best_rider_2_act_3 best_rider_2_area
230 34753.706932531604 6253.706932531607 149.72339072733925 348.04421042870564 0.0 57 0.0
rider 6 = {128, 3, 389, 9, 139, 407, 280, 34, 419, 169, 43, 306, 436, 440, 443, 62, 321, 322, 197, 328, 205, 335, 79, 207, 341, 90, 218, 93, 350, 351, 96, 353, 226, 355, 102, 360, 105, 362, 363, 490, 367, 369, 372, 117, 374, 121}
best_rider_2_centroid best_rider_2_obj best_rider_2_radius best_rider_2_act_1 best_rider_2_act_2 best_rider_2_act_3 best_rider_2_area
440 27056.40217721428 7556.4021772142805 130.90276882581125 308.7085816847708 0.0 39 0.0
rider 7 = {0, 257, 1, 5, 7, 8, 391, 398, 19, 22, 27, 29, 287, 160, 33, 289, 415, 420, 421, 173, 432, 49, 305, 59, 60, 188, 319, 448, 65, 68, 329, 330, 461, 334, 206, 336, 338, 339, 85, 214, 471, 344, 345, 91, 348, 476, 483, 103, 488, 495, 499, 244, 378, 123, 382}
best_rider_2_centroid best_rider_2_obj best_rider_2_radius best_rider_2_act_1 best_rider_2_act_2 best_rider_2_act_3 best_rider_2_area
461 33308.7207330164 7808.720733016401 143.3009816807855 363.3587786432426 0.0 51 0.0
rider 8 = {262, 11, 271, 402, 276, 279, 159, 422, 40, 42, 427, 300, 45, 172, 303, 433, 50, 308, 437, 180, 446, 191, 449, 194, 324, 325, 326, 69, 452, 456, 332, 462, 82, 342, 216, 473, 347, 98, 228, 106, 493, 371, 116, 118, 124, 125, 255}
best_rider_2_centroid best_rider_2_obj best_rider_2_radius best_rider_2_act_1 best_rider_2_act_2 best_rider_2_act_3 best_rider_2_area
456 30972.2732897005 6972.2732897005 124.86405182107885 316.2362118627005 0.0 48 0.0
rider 9 = {384, 132, 133, 390, 267, 142, 15, 399, 148, 149, 153, 154, 156, 286, 158, 290, 162, 292, 293, 38, 163, 164, 166, 426, 177, 52, 309, 55, 57, 314, 315, 187, 445, 64, 196, 200, 201, 75, 203, 463, 208, 213, 87, 89, 352, 224, 358, 233, 107, 109, 366, 114, 119}
best_rider_2_centroid best_rider_2_obj best_rider_2_radius best_rider_2_act_1 best_rider_2_act_2 best_rider_2_act_3 best_rider_2_area
64 28438.17943342215 9438.17943342215 150.00623692953798 333.4503265768975 0.0 38 0.0
