instance_name algorithm_name iter_idx best_objective violate_value violate_farm
DU500-P10 -local_search_repaired- 4 370168.5211147237 0 280500
nb_riders nb_polygons
10 500
rider 0 = {385, 260, 5, 134, 264, 392, 395, 12, 15, 17, 20, 410, 284, 157, 291, 38, 429, 46, 175, 181, 183, 313, 189, 320, 193, 450, 459, 204, 461, 336, 337, 208, 468, 469, 478, 354, 102, 358, 360, 106, 234, 493, 113, 242, 499, 375, 248, 379, 380, 255}
best_rider_2_centroid best_rider_2_obj best_rider_2_radius best_rider_2_act_1 best_rider_2_act_2 best_rider_2_act_3 best_rider_2_area
385 43450.54398607924 9450.54398607924 131.37918957476043 336.7474582466028 0.0 68 0.0
rider 1 = {384, 128, 388, 7, 391, 398, 143, 406, 282, 26, 412, 287, 32, 168, 41, 42, 172, 47, 49, 51, 307, 310, 59, 448, 194, 451, 68, 196, 454, 200, 457, 462, 81, 466, 471, 220, 349, 223, 361, 362, 107, 233, 236, 235, 495, 368, 239, 241, 498, 126}
best_rider_2_centroid best_rider_2_obj best_rider_2_radius best_rider_2_act_1 best_rider_2_act_2 best_rider_2_act_3 best_rider_2_area
391 38879.91372405833 8879.91372405833 134.56563458473494 338.73171075965877 0.0 60 0.0
rider 2 = {256, 131, 135, 265, 273, 146, 150, 279, 413, 422, 426, 171, 301, 50, 438, 312, 316, 317, 319, 323, 202, 83, 341, 85, 215, 88, 217, 218, 219, 479, 353, 99, 227, 487, 231, 364, 367, 240, 371, 115, 252, 246, 247, 249, 124}
best_rider_2_centroid best_rider_2_obj best_rider_2_radius best_rider_2_act_1 best_rider_2_act_2 best_rider_2_act_3 best_rider_2_area
426 34403.6808934387 7903.680893438702 134.06649615594003 341.18709831980124 0.0 53 0.0
rider 3 = {129, 2, 259, 130, 390, 393, 138, 269, 270, 141, 145, 402, 147, 283, 411, 159, 33, 162, 295, 167, 304, 305, 177, 436, 58, 188, 65, 449, 456, 333, 335, 86, 470, 347, 92, 97, 481, 226, 229, 486, 488, 232, 491, 108, 110, 117, 118, 245, 377, 383}
best_rider_2_centroid best_rider_2_obj best_rider_2_radius best_rider_2_act_1 best_rider_2_act_2 best_rider_2_act_3 best_rider_2_area
347 36753.93154935888 8753.931549358882 143.15919388607463 322.56811209867044 0.0 56 0.0
rider 4 = {258, 10, 266, 397, 272, 144, 275, 152, 155, 293, 37, 298, 44, 431, 432, 434, 179, 55, 439, 314, 186, 63, 64, 447, 66, 67, 325, 70, 453, 72, 73, 455, 203, 460, 79, 463, 475, 477, 480, 355, 228, 230, 365, 237, 494, 114, 372, 116, 253, 127}
best_rider_2_centroid best_rider_2_obj best_rider_2_radius best_rider_2_act_1 best_rider_2_act_2 best_rider_2_act_3 best_rider_2_area
266 35944.95007619225 8444.950076192252 136.44546039293522 340.9331237164261 0.0 55 0.0
rider 5 = {386, 4, 263, 136, 394, 11, 16, 401, 18, 19, 24, 28, 415, 160, 161, 418, 419, 421, 430, 435, 54, 311, 56, 182, 185, 442, 60, 441, 192, 195, 452, 198, 327, 74, 75, 80, 209, 211, 467, 212, 216, 89, 90, 98, 485, 104, 489, 250, 238, 496, 369, 122, 254}
best_rider_2_centroid best_rider_2_obj best_rider_2_radius best_rider_2_act_1 best_rider_2_act_2 best_rider_2_act_3 best_rider_2_area
90 37749.100650391694 9249.100650391694 139.76530437266356 323.0662925961993 0.0 57 0.0
rider 6 = {3, 133, 139, 140, 277, 278, 408, 281, 414, 288, 292, 36, 420, 170, 43, 299, 52, 309, 180, 62, 446, 322, 197, 326, 199, 328, 330, 332, 77, 334, 78, 205, 465, 82, 474, 91, 93, 350, 351, 95, 483, 105, 363, 366, 111, 497, 373, 374, 121, 378, 382}
best_rider_2_centroid best_rider_2_obj best_rider_2_radius best_rider_2_act_1 best_rider_2_act_2 best_rider_2_act_3 best_rider_2_area
483 35124.03098676636 9624.030986766356 137.9936567472325 327.95552601641293 0.0 51 0.0
rider 7 = {0, 1, 257, 389, 137, 268, 404, 22, 23, 25, 153, 31, 35, 294, 39, 40, 169, 427, 173, 306, 308, 53, 440, 184, 187, 444, 61, 318, 190, 191, 321, 458, 331, 207, 338, 339, 340, 342, 343, 344, 345, 214, 476, 222, 96, 482, 357, 101, 359, 490, 251, 370, 123}
best_rider_2_centroid best_rider_2_obj best_rider_2_radius best_rider_2_act_1 best_rider_2_act_2 best_rider_2_act_3 best_rider_2_area
137 39790.88959203589 9290.889592035888 138.76325460285963 342.13852667072746 0.0 61 0.0
rider 8 = {387, 132, 261, 6, 262, 9, 267, 396, 13, 14, 271, 399, 274, 403, 276, 21, 405, 151, 280, 30, 416, 165, 423, 424, 425, 300, 45, 302, 48, 176, 433, 443, 445, 324, 69, 71, 329, 76, 206, 464, 84, 213, 346, 348, 120, 94, 225, 484, 492, 112, 376, 125}
best_rider_2_centroid best_rider_2_obj best_rider_2_radius best_rider_2_act_1 best_rider_2_act_2 best_rider_2_act_3 best_rider_2_area
376 37603.430307384886 9103.430307384886 139.6237338090834 337.0196203256524 0.0 57 0.0
rider 9 = {8, 142, 400, 148, 149, 407, 409, 154, 27, 156, 285, 29, 286, 158, 289, 290, 34, 417, 163, 164, 166, 296, 297, 428, 174, 303, 178, 437, 57, 315, 201, 210, 87, 472, 473, 221, 352, 224, 356, 100, 103, 109, 243, 244, 119, 381}
best_rider_2_centroid best_rider_2_obj best_rider_2_radius best_rider_2_act_1 best_rider_2_act_2 best_rider_2_act_3 best_rider_2_area
472 30468.049349017478 8968.049349017476 134.0130825055583 324.17893647951644 0.0 43 0.0
