instance_name algorithm_name iter_idx best_objective violate_value violate_farm
DU500-P10 -local_search_repaired- 1 370285.7763268762 0 280500
nb_riders nb_polygons
10 500
rider 0 = {3, 259, 268, 396, 17, 149, 23, 284, 412, 425, 42, 429, 434, 435, 54, 439, 313, 63, 448, 323, 196, 455, 200, 201, 458, 331, 204, 207, 464, 337, 468, 214, 471, 472, 346, 219, 92, 93, 478, 95, 224, 225, 248, 99, 101, 104, 360, 490, 107, 108, 369, 376}
best_rider_2_centroid best_rider_2_obj best_rider_2_radius best_rider_2_act_1 best_rider_2_act_2 best_rider_2_act_3 best_rider_2_area
204 39959.877712438836 8959.877712438834 143.70160096663594 341.4173393437536 0.0 62 0.0
rider 1 = {260, 388, 264, 137, 266, 138, 13, 269, 401, 277, 22, 280, 26, 414, 287, 415, 34, 423, 174, 49, 181, 55, 441, 314, 186, 189, 62, 450, 454, 74, 330, 76, 203, 459, 466, 340, 212, 344, 345, 350, 352, 481, 483, 357, 103, 365, 495, 496, 371, 252, 380}
best_rider_2_centroid best_rider_2_obj best_rider_2_radius best_rider_2_act_1 best_rider_2_act_2 best_rider_2_act_3 best_rider_2_area
181 44048.977104171405 9048.977104171405 131.630305023861 348.4466269698527 0.0 70 0.0
rider 2 = {129, 386, 135, 144, 21, 282, 29, 157, 289, 418, 292, 420, 168, 171, 44, 427, 175, 179, 180, 316, 190, 319, 325, 202, 461, 462, 206, 80, 467, 469, 218, 474, 349, 484, 229, 102, 359, 486, 488, 491, 492, 238, 240, 115, 118, 122, 123, 382}
best_rider_2_centroid best_rider_2_obj best_rider_2_radius best_rider_2_act_1 best_rider_2_act_2 best_rider_2_act_3 best_rider_2_area
171 40034.95589269913 9034.955892699127 137.82872111519836 324.68245173342996 0.0 62 0.0
rider 3 = {130, 132, 394, 140, 141, 143, 145, 403, 278, 408, 25, 409, 283, 154, 159, 33, 162, 291, 421, 295, 39, 304, 48, 307, 51, 309, 312, 56, 440, 184, 317, 192, 321, 195, 70, 205, 210, 86, 343, 215, 473, 217, 94, 479, 227, 106, 367, 113, 246, 255}
best_rider_2_centroid best_rider_2_obj best_rider_2_radius best_rider_2_act_1 best_rider_2_act_2 best_rider_2_act_3 best_rider_2_area
317 35019.31719626787 9019.317196267866 137.41550249613076 330.7403453524641 0.0 52 0.0
rider 4 = {4, 134, 10, 400, 19, 275, 151, 152, 155, 30, 416, 36, 37, 294, 293, 296, 297, 298, 424, 430, 438, 66, 67, 451, 327, 336, 209, 465, 84, 341, 342, 477, 253, 97, 363, 235, 236, 237, 239, 499, 244, 125, 243, 120, 249, 250, 381, 126}
best_rider_2_centroid best_rider_2_obj best_rider_2_radius best_rider_2_act_1 best_rider_2_act_2 best_rider_2_act_3 best_rider_2_area
381 33547.74459524424 8047.744595244245 142.91352159554052 330.78552382035 0.0 51 0.0
rider 5 = {5, 392, 265, 11, 398, 271, 272, 16, 402, 146, 20, 404, 147, 279, 24, 407, 32, 161, 417, 422, 300, 431, 311, 57, 442, 60, 445, 191, 320, 449, 75, 460, 77, 82, 83, 213, 89, 90, 354, 226, 356, 231, 489, 362, 109, 111, 497, 242, 373, 254}
best_rider_2_centroid best_rider_2_obj best_rider_2_radius best_rider_2_act_1 best_rider_2_act_2 best_rider_2_act_3 best_rider_2_area
449 38031.55278276658 9031.55278276658 136.76105604428588 331.07164460994073 0.0 58 0.0
rider 6 = {128, 2, 387, 133, 270, 399, 18, 410, 288, 170, 299, 172, 432, 52, 437, 443, 444, 446, 64, 65, 322, 452, 453, 326, 197, 332, 78, 335, 334, 463, 208, 222, 351, 223, 480, 355, 230, 105, 377, 234, 366, 370, 114, 116, 117, 374, 372, 121, 378, 127}
best_rider_2_centroid best_rider_2_obj best_rider_2_radius best_rider_2_act_1 best_rider_2_act_2 best_rider_2_act_3 best_rider_2_area
52 36675.82561247706 9675.825612477065 138.4097016939193 319.6530603428246 0.0 54 0.0
rider 7 = {0, 1, 384, 131, 262, 7, 8, 390, 395, 12, 15, 273, 150, 406, 27, 285, 31, 160, 167, 41, 43, 173, 305, 50, 306, 436, 53, 183, 187, 61, 318, 68, 198, 72, 73, 339, 85, 88, 216, 348, 476, 353, 482, 232, 493, 494, 368, 112, 498, 119}
best_rider_2_centroid best_rider_2_obj best_rider_2_radius best_rider_2_act_1 best_rider_2_act_2 best_rider_2_act_3 best_rider_2_area
7 31466.09462792125 9466.094627921251 131.38526626386354 331.4467492164513 0.0 44 0.0
rider 8 = {257, 258, 261, 6, 263, 389, 9, 136, 267, 393, 139, 14, 397, 274, 276, 28, 413, 35, 165, 40, 169, 426, 45, 302, 303, 176, 308, 185, 58, 59, 447, 193, 194, 324, 69, 456, 329, 457, 333, 338, 211, 347, 91, 96, 98, 485, 358, 233, 241, 245, 375, 379, 124}
best_rider_2_centroid best_rider_2_obj best_rider_2_radius best_rider_2_act_1 best_rider_2_act_2 best_rider_2_act_3 best_rider_2_area
426 38242.787442591856 9242.787442591856 131.8187284713324 339.018677944121 0.0 58 0.0
rider 9 = {256, 385, 391, 142, 148, 405, 281, 153, 411, 156, 286, 158, 290, 163, 164, 419, 38, 166, 428, 301, 46, 47, 433, 177, 178, 310, 182, 315, 188, 71, 328, 199, 79, 81, 470, 87, 475, 220, 221, 100, 228, 487, 361, 364, 110, 247, 251, 383}
best_rider_2_centroid best_rider_2_obj best_rider_2_radius best_rider_2_act_1 best_rider_2_act_2 best_rider_2_act_3 best_rider_2_area
199 33258.643360297974 8258.643360297972 137.91060296107503 337.2639858964797 0.0 50 0.0
