instance_name algorithm_name iter_idx best_objective violate_value violate_farm
DU500-P10-T0.1 -local_search_repaired- 1 311050.43344857765 0 243000
nb_riders nb_polygons
10 500
rider 0 = {3, 394, 13, 275, 407, 284, 32, 290, 427, 178, 435, 434, 436, 54, 182, 183, 313, 184, 440, 60, 61, 62, 443, 190, 321, 323, 455, 328, 202, 207, 208, 337, 464, 473, 92, 225, 102, 362, 108, 238, 367, 369, 113, 253}
best_rider_2_centroid best_rider_2_obj best_rider_2_radius best_rider_2_act_1 best_rider_2_act_2 best_rider_2_act_3 best_rider_2_area
178 28474.473088516777 4974.473088516777 144.59413722463276 302.43498548844434 0.0 47 0.0
rider 1 = {390, 395, 396, 269, 14, 399, 403, 26, 27, 157, 287, 417, 420, 424, 41, 42, 425, 428, 429, 46, 47, 176, 53, 310, 193, 451, 196, 454, 458, 205, 470, 346, 220, 93, 223, 480, 99, 104, 107, 112, 496, 244, 247, 379}
best_rider_2_centroid best_rider_2_obj best_rider_2_radius best_rider_2_act_1 best_rider_2_act_2 best_rider_2_act_3 best_rider_2_area
14 29659.190106287206 5659.190106287206 123.58635517675756 309.40243970229864 0.0 48 0.0
rider 2 = {2, 258, 131, 6, 7, 135, 265, 9, 391, 17, 29, 286, 415, 159, 161, 294, 168, 426, 43, 174, 180, 181, 55, 312, 316, 317, 445, 64, 194, 69, 199, 211, 342, 343, 86, 218, 352, 482, 227, 483, 485, 230, 235, 115, 246, 249, 122, 125, 126}
best_rider_2_centroid best_rider_2_obj best_rider_2_radius best_rider_2_act_1 best_rider_2_act_2 best_rider_2_act_3 best_rider_2_area
265 28547.59253884872 7047.592538848719 133.30707974860903 358.4248900533178 0.0 43 0.0
rider 3 = {129, 130, 134, 264, 137, 266, 11, 140, 141, 397, 144, 145, 147, 20, 278, 155, 418, 37, 39, 295, 169, 300, 45, 304, 177, 51, 308, 307, 444, 318, 446, 320, 195, 70, 327, 77, 82, 210, 472, 217, 347, 95, 97, 487, 234, 490, 236, 498, 245, 118, 381, 255}
best_rider_2_centroid best_rider_2_obj best_rider_2_radius best_rider_2_act_1 best_rider_2_act_2 best_rider_2_act_3 best_rider_2_area
444 28261.586787618977 8261.586787618977 142.27109721069948 355.4133965314018 0.0 40 0.0
rider 4 = {10, 398, 142, 152, 281, 414, 288, 289, 421, 296, 297, 170, 299, 301, 173, 441, 58, 186, 63, 65, 66, 67, 457, 330, 465, 466, 209, 84, 85, 471, 474, 91, 477, 478, 248, 481, 229, 486, 103, 359, 488, 239, 241, 373, 120, 378, 251}
best_rider_2_centroid best_rider_2_obj best_rider_2_radius best_rider_2_act_1 best_rider_2_act_2 best_rider_2_act_3 best_rider_2_area
481 31323.763846167232 5323.763846167232 131.11510156743003 347.34054278111114 0.0 52 0.0
rider 5 = {386, 260, 389, 263, 393, 268, 271, 272, 273, 16, 143, 146, 279, 24, 25, 409, 28, 31, 160, 162, 35, 165, 38, 171, 175, 179, 437, 311, 439, 57, 185, 442, 198, 74, 75, 462, 206, 80, 83, 216, 90, 232, 361, 237, 110, 376, 250, 383}
best_rider_2_centroid best_rider_2_obj best_rider_2_radius best_rider_2_act_1 best_rider_2_act_2 best_rider_2_act_3 best_rider_2_area
383 29563.43423747764 7563.434237477637 130.58810526043547 309.5669459028511 0.0 44 0.0
rider 6 = {128, 4, 261, 132, 139, 270, 400, 18, 402, 277, 408, 282, 410, 413, 419, 36, 431, 306, 56, 191, 322, 324, 197, 326, 452, 203, 332, 78, 335, 341, 215, 350, 351, 479, 353, 98, 355, 356, 226, 231, 360, 377, 105, 106, 363, 489, 493, 494, 497, 370, 114, 116, 371, 374, 372, 117, 121}
best_rider_2_centroid best_rider_2_obj best_rider_2_radius best_rider_2_act_1 best_rider_2_act_2 best_rider_2_act_3 best_rider_2_area
215 36957.39786528318 8457.39786528318 141.18077795379062 334.1341352656363 0.0 57 0.0
rider 7 = {0, 257, 1, 388, 5, 8, 392, 15, 19, 22, 283, 33, 292, 167, 432, 49, 50, 305, 309, 59, 187, 188, 319, 448, 450, 68, 73, 201, 459, 461, 334, 336, 338, 339, 467, 468, 254, 344, 345, 348, 476, 222, 101, 358, 491, 364, 492, 366, 495, 119, 380, 123, 124, 382}
best_rider_2_centroid best_rider_2_obj best_rider_2_radius best_rider_2_act_1 best_rider_2_act_2 best_rider_2_act_3 best_rider_2_area
59 33965.06884025997 7465.068840259968 143.8430255061887 328.2655094827252 0.0 53 0.0
rider 8 = {384, 385, 259, 387, 262, 136, 267, 12, 274, 276, 21, 405, 23, 280, 150, 411, 412, 30, 416, 293, 423, 44, 302, 48, 433, 438, 315, 189, 447, 325, 72, 329, 331, 76, 333, 204, 463, 469, 214, 88, 219, 349, 94, 224, 100, 357, 484, 365, 368, 240, 242, 375, 252}
best_rider_2_centroid best_rider_2_obj best_rider_2_radius best_rider_2_act_1 best_rider_2_act_2 best_rider_2_act_3 best_rider_2_area
463 36383.83212765476 6383.832127654757 137.33601111145586 343.84579421848014 0.0 60 0.0
rider 9 = {256, 133, 138, 401, 148, 149, 406, 151, 404, 153, 154, 156, 285, 158, 34, 291, 164, 163, 422, 166, 40, 298, 172, 430, 303, 52, 314, 192, 449, 453, 71, 456, 200, 460, 79, 81, 340, 212, 213, 87, 89, 475, 221, 96, 354, 228, 233, 109, 111, 499, 243, 127}
best_rider_2_centroid best_rider_2_obj best_rider_2_radius best_rider_2_act_1 best_rider_2_act_2 best_rider_2_act_3 best_rider_2_area
340 27914.09401046317 6914.094010463169 141.95331587184302 345.69776580340124 0.0 42 0.0
