instance_name algorithm_name iter_idx best_objective violate_value violate_farm
DU500-P10 -local_search_repaired- 9 378152.3599207157 0 286500
nb_riders nb_polygons
10 500
rider 0 = {263, 396, 275, 20, 281, 153, 410, 285, 415, 32, 417, 34, 169, 433, 436, 437, 181, 439, 184, 185, 320, 323, 455, 200, 202, 77, 333, 207, 81, 337, 211, 340, 470, 472, 219, 220, 224, 481, 354, 482, 103, 231, 105, 108, 365, 111, 368, 499, 247, 121, 122, 382}
best_rider_2_centroid best_rider_2_obj best_rider_2_radius best_rider_2_act_1 best_rider_2_act_2 best_rider_2_act_3 best_rider_2_area
472 44095.73597440496 9595.735974404957 134.71425780843668 349.45709365959283 0.0 69 0.0
rider 1 = {384, 385, 2, 260, 5, 388, 389, 391, 398, 400, 17, 18, 403, 148, 150, 156, 157, 287, 42, 174, 176, 179, 55, 313, 315, 61, 447, 196, 454, 330, 459, 460, 335, 338, 468, 343, 88, 89, 99, 484, 101, 104, 233, 106, 107, 239, 112, 113, 114, 243, 250, 380}
best_rider_2_centroid best_rider_2_obj best_rider_2_radius best_rider_2_act_1 best_rider_2_act_2 best_rider_2_act_3 best_rider_2_area
338 40114.89501579999 10114.895015799997 135.7899601069484 345.7964612018458 0.0 60 0.0
rider 2 = {256, 386, 3, 259, 6, 135, 265, 394, 268, 279, 282, 284, 286, 292, 164, 171, 430, 305, 50, 434, 178, 312, 441, 314, 186, 316, 445, 448, 194, 71, 328, 332, 83, 86, 218, 95, 352, 227, 483, 486, 361, 240, 241, 370, 117, 253, 381, 126}
best_rider_2_centroid best_rider_2_obj best_rider_2_radius best_rider_2_act_1 best_rider_2_act_2 best_rider_2_act_3 best_rider_2_area
381 35986.40247063075 7986.402470630745 138.4509669491035 328.9192103330543 0.0 56 0.0
rider 3 = {130, 131, 264, 392, 266, 139, 140, 141, 138, 272, 145, 407, 25, 154, 28, 159, 416, 165, 41, 170, 300, 46, 302, 431, 177, 51, 308, 435, 180, 188, 191, 449, 322, 193, 195, 70, 74, 210, 215, 471, 474, 347, 476, 221, 479, 369, 116, 246, 251}
best_rider_2_centroid best_rider_2_obj best_rider_2_radius best_rider_2_act_1 best_rider_2_act_2 best_rider_2_act_3 best_rider_2_area
131 35503.74060082922 8503.740600829215 138.90794447732725 318.58698027517187 0.0 54 0.0
rider 4 = {128, 4, 390, 7, 8, 10, 16, 144, 278, 151, 24, 152, 283, 412, 30, 418, 420, 293, 294, 301, 429, 48, 189, 190, 321, 66, 67, 72, 456, 458, 462, 467, 84, 473, 91, 92, 477, 478, 223, 97, 249, 359, 489, 366, 244, 377}
best_rider_2_centroid best_rider_2_obj best_rider_2_radius best_rider_2_act_1 best_rider_2_act_2 best_rider_2_act_3 best_rider_2_area
278 35139.330199522854 8639.330199522852 138.5597587771933 342.3691894366436 0.0 53 0.0
rider 5 = {0, 134, 393, 395, 271, 143, 146, 19, 147, 408, 26, 29, 414, 31, 160, 289, 33, 161, 422, 428, 172, 47, 304, 49, 54, 311, 182, 57, 443, 60, 198, 457, 204, 206, 465, 82, 85, 341, 87, 216, 217, 90, 349, 96, 232, 110, 367, 497, 373, 248, 378}
best_rider_2_centroid best_rider_2_obj best_rider_2_radius best_rider_2_act_1 best_rider_2_act_2 best_rider_2_act_3 best_rider_2_area
87 36588.13021377577 9588.130213775767 133.70402037391094 347.4107063160021 0.0 54 0.0
rider 6 = {262, 397, 273, 21, 277, 23, 162, 419, 425, 298, 175, 306, 309, 310, 183, 56, 318, 62, 446, 65, 327, 461, 78, 79, 336, 80, 208, 339, 209, 466, 342, 469, 346, 350, 351, 222, 355, 356, 102, 358, 360, 234, 363, 364, 372, 374, 376, 379, 125, 254, 127}
best_rider_2_centroid best_rider_2_obj best_rider_2_radius best_rider_2_act_1 best_rider_2_act_2 best_rider_2_act_3 best_rider_2_area
376 39270.93594158939 9270.93594158939 138.28133266521985 338.1508137216974 0.0 60 0.0
rider 7 = {1, 257, 129, 136, 137, 267, 13, 269, 401, 22, 406, 27, 155, 35, 36, 39, 423, 168, 173, 442, 59, 187, 317, 319, 68, 452, 329, 73, 331, 75, 334, 463, 212, 213, 214, 344, 345, 348, 480, 357, 229, 485, 490, 235, 238, 495, 496, 119, 120, 123, 124, 383}
best_rider_2_centroid best_rider_2_obj best_rider_2_radius best_rider_2_act_1 best_rider_2_act_2 best_rider_2_act_3 best_rider_2_area
137 38741.189771798934 9741.189771798938 139.9194684220688 317.8678237671307 0.0 58 0.0
rider 8 = {387, 132, 261, 9, 11, 12, 270, 14, 274, 276, 404, 280, 409, 288, 37, 421, 295, 40, 424, 426, 299, 44, 45, 303, 307, 53, 440, 58, 444, 450, 324, 69, 325, 453, 76, 205, 464, 475, 225, 226, 236, 493, 494, 498, 115, 242, 245, 118, 375, 252, 255}
best_rider_2_centroid best_rider_2_obj best_rider_2_radius best_rider_2_act_1 best_rider_2_act_2 best_rider_2_act_3 best_rider_2_area
37 38622.620380531924 9622.62038053192 131.84866375335702 326.59595503398674 0.0 58 0.0
rider 9 = {258, 133, 142, 15, 399, 402, 405, 149, 411, 413, 158, 290, 291, 163, 38, 166, 296, 297, 167, 43, 427, 432, 52, 438, 63, 64, 192, 451, 197, 326, 199, 201, 203, 93, 94, 353, 98, 100, 228, 230, 487, 488, 362, 491, 492, 109, 237, 371}
best_rider_2_centroid best_rider_2_obj best_rider_2_radius best_rider_2_act_1 best_rider_2_act_2 best_rider_2_act_3 best_rider_2_area
199 34089.379351831936 8589.379351831938 139.5986332982768 319.3721714845424 0.0 51 0.0
