instance_name algorithm_name iter_idx best_objective violate_value violate_farm
DU500-P10-T0.1 -local_search_repaired- 0 308522.18483056244 0 243000
nb_riders nb_polygons
10 500
rider 0 = {3, 389, 9, 394, 275, 284, 285, 32, 290, 34, 38, 39, 427, 178, 435, 436, 54, 182, 439, 313, 184, 440, 60, 61, 62, 442, 190, 321, 323, 70, 328, 78, 207, 208, 337, 213, 219, 92, 224, 357, 102, 362, 107, 108, 238, 367, 253}
best_rider_2_centroid best_rider_2_obj best_rider_2_radius best_rider_2_act_1 best_rider_2_act_2 best_rider_2_act_3 best_rider_2_area
178 26520.908221918562 5520.908221918561 143.8950759673077 311.16286624526407 0.0 42 0.0
rider 1 = {131, 260, 390, 7, 391, 266, 269, 14, 399, 272, 22, 406, 26, 157, 287, 288, 40, 41, 168, 47, 53, 181, 55, 193, 66, 68, 454, 79, 212, 341, 346, 218, 120, 93, 220, 358, 486, 104, 491, 492, 239, 495, 115, 499, 243, 244, 247, 376, 250, 126}
best_rider_2_centroid best_rider_2_obj best_rider_2_radius best_rider_2_act_1 best_rider_2_act_2 best_rider_2_act_3 best_rider_2_area
181 28781.880132579186 6781.880132579186 145.06580491993313 323.77496629062483 0.0 44 0.0
rider 2 = {2, 258, 4, 386, 135, 393, 13, 401, 402, 277, 282, 29, 31, 161, 291, 294, 43, 430, 437, 183, 312, 58, 186, 316, 317, 320, 449, 194, 71, 327, 456, 202, 460, 83, 340, 342, 215, 90, 354, 227, 356, 485, 231, 490, 235, 497, 370, 371, 116, 373, 241, 246, 377, 122, 127}
best_rider_2_centroid best_rider_2_obj best_rider_2_radius best_rider_2_act_1 best_rider_2_act_2 best_rider_2_act_3 best_rider_2_area
456 38203.082467891974 7203.082467891973 129.95640446285483 363.73700916335923 0.0 62 0.0
rider 3 = {129, 130, 134, 137, 140, 141, 144, 145, 147, 20, 404, 278, 149, 25, 155, 418, 37, 169, 300, 45, 172, 174, 304, 177, 307, 51, 308, 185, 443, 444, 318, 195, 455, 74, 333, 464, 82, 86, 472, 217, 347, 95, 97, 361, 113, 369, 245, 118, 255}
best_rider_2_centroid best_rider_2_obj best_rider_2_radius best_rider_2_act_1 best_rider_2_act_2 best_rider_2_act_3 best_rider_2_area
195 24777.750729385727 7277.750729385727 135.4742180748223 336.30999535330477 0.0 35 0.0
rider 4 = {384, 10, 395, 396, 142, 17, 403, 24, 152, 283, 412, 411, 30, 416, 420, 167, 424, 425, 44, 301, 429, 176, 179, 189, 63, 447, 67, 451, 72, 458, 459, 76, 209, 467, 84, 468, 214, 477, 94, 223, 480, 101, 232, 234, 236, 365, 366, 368, 496, 375, 251, 125}
best_rider_2_centroid best_rider_2_obj best_rider_2_radius best_rider_2_act_1 best_rider_2_act_2 best_rider_2_act_3 best_rider_2_area
94 36220.075675621265 5720.075675621263 141.0317072978411 362.5381678282767 0.0 61 0.0
rider 5 = {385, 259, 5, 263, 264, 265, 136, 268, 271, 16, 273, 143, 146, 21, 415, 33, 162, 35, 165, 423, 426, 171, 175, 180, 311, 445, 64, 198, 199, 75, 204, 77, 463, 80, 470, 88, 349, 352, 99, 484, 230, 364, 237, 110, 242, 248, 249, 380, 381, 254, 383}
best_rider_2_centroid best_rider_2_obj best_rider_2_radius best_rider_2_act_1 best_rider_2_act_2 best_rider_2_act_3 best_rider_2_area
385 32202.914918709044 6202.914918709043 135.14417842770123 351.99042522405045 0.0 52 0.0
rider 6 = {128, 132, 261, 133, 11, 139, 270, 400, 18, 410, 419, 36, 422, 42, 299, 298, 170, 431, 306, 56, 446, 322, 324, 452, 326, 453, 197, 203, 332, 335, 473, 475, 350, 351, 479, 353, 98, 355, 226, 360, 105, 106, 363, 489, 493, 494, 111, 372, 117, 374, 121}
best_rider_2_centroid best_rider_2_obj best_rider_2_radius best_rider_2_act_1 best_rider_2_act_2 best_rider_2_act_3 best_rider_2_area
326 32170.79846146967 8170.798461469669 136.46046931318992 303.71539580854477 0.0 48 0.0
rider 7 = {0, 257, 1, 8, 392, 398, 15, 19, 27, 286, 160, 289, 417, 421, 173, 432, 49, 50, 305, 310, 59, 319, 65, 450, 73, 201, 331, 457, 461, 334, 206, 336, 338, 339, 85, 471, 344, 345, 474, 91, 348, 476, 222, 481, 483, 229, 359, 123, 124}
best_rider_2_centroid best_rider_2_obj best_rider_2_radius best_rider_2_act_1 best_rider_2_act_2 best_rider_2_act_3 best_rider_2_area
229 29449.532553826757 6449.532553826756 134.25803039990342 312.99179220849703 0.0 46 0.0
rider 8 = {387, 262, 6, 267, 12, 397, 274, 276, 405, 150, 23, 280, 279, 407, 409, 28, 293, 295, 428, 302, 48, 433, 434, 438, 325, 69, 329, 205, 211, 469, 343, 96, 225, 482, 100, 487, 112, 240, 498, 379, 252}
best_rider_2_centroid best_rider_2_obj best_rider_2_radius best_rider_2_act_1 best_rider_2_act_2 best_rider_2_act_3 best_rider_2_area
434 27410.64488657066 4410.644886570658 125.1412265690771 315.5842943967987 0.0 46 0.0
rider 9 = {256, 388, 138, 148, 151, 408, 281, 153, 154, 156, 413, 158, 414, 159, 163, 292, 164, 166, 296, 297, 46, 303, 52, 309, 57, 314, 315, 441, 187, 188, 191, 192, 448, 196, 200, 330, 462, 81, 465, 466, 210, 87, 216, 89, 221, 478, 228, 103, 488, 233, 109, 114, 119, 378, 382}
best_rider_2_centroid best_rider_2_obj best_rider_2_radius best_rider_2_act_1 best_rider_2_act_2 best_rider_2_act_3 best_rider_2_area
466 32784.59678258959 7784.596782589593 143.3478911992118 352.72149271094713 0.0 50 0.0
