instance_name algorithm_name iter_idx best_objective violate_value violate_farm
DU500-P10 -local_search_repaired- 0 383462.6848372568 0 290500
nb_riders nb_polygons
10 500
rider 0 = {129, 386, 3, 259, 138, 401, 18, 402, 20, 404, 282, 283, 30, 415, 32, 289, 290, 420, 173, 303, 183, 58, 62, 319, 320, 321, 318, 323, 68, 67, 70, 449, 198, 81, 210, 211, 212, 471, 219, 350, 479, 102, 231, 486, 490, 494, 111, 239, 243, 121, 378, 380}
best_rider_2_centroid best_rider_2_obj best_rider_2_radius best_rider_2_act_1 best_rider_2_act_2 best_rider_2_act_3 best_rider_2_area
212 42247.582035181076 9747.582035181074 141.90491037328084 347.3829258160575 0.0 65 0.0
rider 1 = {131, 387, 390, 266, 267, 269, 13, 141, 142, 144, 276, 407, 413, 287, 288, 417, 161, 291, 37, 166, 426, 174, 431, 51, 309, 440, 186, 60, 61, 196, 452, 454, 455, 203, 76, 205, 213, 86, 214, 89, 475, 93, 99, 483, 357, 104, 489, 115, 373, 247}
best_rider_2_centroid best_rider_2_obj best_rider_2_radius best_rider_2_act_1 best_rider_2_act_2 best_rider_2_act_3 best_rider_2_area
426 38230.26446040904 9730.264460409038 134.40697394354854 340.89815318845723 0.0 57 0.0
rider 2 = {130, 6, 7, 398, 399, 149, 157, 159, 292, 293, 165, 422, 296, 168, 425, 432, 180, 181, 313, 185, 59, 316, 317, 190, 194, 69, 453, 327, 71, 457, 74, 202, 464, 85, 88, 217, 218, 349, 351, 352, 100, 230, 491, 366, 241, 372, 117, 122, 125, 127}
best_rider_2_centroid best_rider_2_obj best_rider_2_radius best_rider_2_act_1 best_rider_2_act_2 best_rider_2_act_3 best_rider_2_area
7 37416.59927111528 8916.599271115283 143.63551513935332 336.02645104180704 0.0 57 0.0
rider 3 = {384, 257, 389, 134, 137, 396, 140, 16, 147, 409, 155, 158, 418, 295, 300, 47, 304, 48, 307, 55, 56, 57, 184, 315, 443, 192, 448, 195, 84, 469, 470, 87, 472, 473, 92, 95, 97, 229, 485, 359, 487, 361, 234, 492, 113, 497, 248}
best_rider_2_centroid best_rider_2_obj best_rider_2_radius best_rider_2_act_1 best_rider_2_act_2 best_rider_2_act_3 best_rider_2_area
95 35561.72154252547 8561.721542525473 137.82459989941708 321.20115044286933 0.0 54 0.0
rider 4 = {258, 4, 10, 270, 400, 148, 278, 408, 281, 25, 410, 31, 294, 39, 40, 423, 170, 43, 427, 301, 429, 305, 434, 436, 53, 437, 441, 189, 73, 461, 79, 463, 209, 340, 215, 91, 96, 481, 354, 226, 101, 103, 108, 236, 369, 370, 371, 498, 120, 377, 250, 251, 253, 254}
best_rider_2_centroid best_rider_2_obj best_rider_2_radius best_rider_2_act_1 best_rider_2_act_2 best_rider_2_act_3 best_rider_2_area
340 41964.5842615518 10464.584261551798 143.43921710667865 342.89795834062363 0.0 63 0.0
rider 5 = {128, 260, 264, 393, 11, 268, 395, 271, 274, 146, 279, 151, 28, 160, 35, 171, 44, 430, 175, 179, 308, 435, 54, 312, 64, 193, 328, 75, 459, 77, 204, 466, 83, 468, 343, 345, 346, 90, 223, 98, 484, 232, 233, 237, 493, 367, 245, 249, 252}
best_rider_2_centroid best_rider_2_obj best_rider_2_radius best_rider_2_act_1 best_rider_2_act_2 best_rider_2_act_3 best_rider_2_area
64 37981.7428693573 8981.742869357298 131.4132665126373 324.55618257590106 0.0 58 0.0
rider 6 = {0, 2, 132, 394, 139, 397, 14, 273, 17, 403, 21, 280, 152, 26, 27, 412, 34, 162, 36, 419, 169, 298, 299, 439, 188, 191, 450, 197, 456, 334, 335, 78, 207, 467, 341, 474, 480, 482, 355, 227, 360, 105, 106, 107, 363, 368, 114, 242, 374, 246, 381, 126}
best_rider_2_centroid best_rider_2_obj best_rider_2_radius best_rider_2_act_1 best_rider_2_act_2 best_rider_2_act_3 best_rider_2_area
2 39027.20611325158 9527.206113251583 140.13026362939178 319.1826760036389 0.0 59 0.0
rider 7 = {388, 391, 8, 136, 12, 19, 275, 405, 22, 24, 411, 284, 29, 33, 38, 302, 49, 306, 177, 178, 310, 182, 446, 447, 65, 322, 451, 324, 72, 329, 332, 336, 80, 338, 339, 344, 347, 348, 476, 477, 478, 221, 222, 488, 362, 495, 112, 499, 119, 123, 255}
best_rider_2_centroid best_rider_2_obj best_rider_2_radius best_rider_2_act_1 best_rider_2_act_2 best_rider_2_act_3 best_rider_2_area
338 38626.768306867525 9626.768306867527 134.0917525148055 343.02319616307904 0.0 58 0.0
rider 8 = {256, 1, 385, 261, 262, 133, 135, 9, 143, 272, 145, 150, 23, 416, 167, 424, 297, 41, 428, 45, 176, 433, 50, 442, 445, 325, 326, 458, 331, 333, 206, 462, 82, 342, 220, 224, 353, 225, 358, 364, 365, 240, 116, 118, 375, 124, 382, 383}
best_rider_2_centroid best_rider_2_obj best_rider_2_radius best_rider_2_act_1 best_rider_2_act_2 best_rider_2_act_3 best_rider_2_area
224 38054.25762350583 8554.25762350583 130.8888430529536 341.1185914334314 0.0 59 0.0
rider 9 = {5, 263, 392, 265, 15, 277, 406, 153, 154, 156, 285, 286, 414, 163, 164, 421, 42, 172, 46, 52, 438, 311, 314, 187, 444, 63, 66, 199, 200, 201, 330, 460, 208, 337, 465, 216, 94, 356, 228, 235, 109, 110, 238, 496, 244, 376, 379}
best_rider_2_centroid best_rider_2_obj best_rider_2_radius best_rider_2_act_1 best_rider_2_act_2 best_rider_2_act_3 best_rider_2_area
66 34351.9583534919 8851.958353491902 132.039664459776 318.2391202238027 0.0 51 0.0
