instance_name algorithm_name iter_idx best_objective running_time
DU200-P10-0 local_search 8 142416.6923810718 0.946568
nb_riders nb_polygons
10 200
rider 0 = {130, 133, 158, 30, 161, 40, 44, 173, 48, 179, 184, 188, 76, 83, 88, 90, 96, 108, 114, 126}
best_rider_2_centroid best_rider_2_obj best_rider_2_radius best_rider_2_act_1 best_rider_2_act_2 best_rider_2_act_3 best_rider_2_area
88 13242.82647997761 2742.8264799776102 51.34402426849354 137.95941312383323 0.0 21 0.0
rider 1 = {9, 13, 29, 159, 32, 166, 170, 172, 177, 58, 59, 64, 194, 66, 196, 80, 81, 109, 120, 122, 125}
best_rider_2_centroid best_rider_2_obj best_rider_2_radius best_rider_2_act_1 best_rider_2_act_2 best_rider_2_act_3 best_rider_2_area
172 15777.663952423181 3277.663952423181 53.08996518246978 127.92804226567272 0.0 25 0.0
rider 2 = {135, 17, 19, 21, 162, 42, 174, 183, 62, 192, 70, 199, 79, 87, 99, 101, 111, 115, 121}
best_rider_2_centroid best_rider_2_obj best_rider_2_radius best_rider_2_act_1 best_rider_2_act_2 best_rider_2_act_3 best_rider_2_area
79 13114.852962545676 3114.8529625456767 49.39044203205789 128.99861107318253 0.0 20 0.0
rider 3 = {2, 132, 134, 136, 11, 143, 147, 24, 33, 36, 165, 38, 45, 181, 65, 67, 198, 71, 74, 82, 93, 98}
best_rider_2_centroid best_rider_2_obj best_rider_2_radius best_rider_2_act_1 best_rider_2_act_2 best_rider_2_act_3 best_rider_2_area
33 14997.071254340408 3997.071254340409 52.758338784273256 131.2966923374821 0.0 22 0.0
rider 4 = {1, 129, 0, 7, 8, 141, 144, 140, 23, 156, 34, 169, 47, 46, 69, 68, 72, 92, 104, 118}
best_rider_2_centroid best_rider_2_obj best_rider_2_radius best_rider_2_act_1 best_rider_2_act_2 best_rider_2_act_3 best_rider_2_area
144 11668.75567388179 3168.755673881789 48.33314159492385 136.76514987660514 0.0 17 0.0
rider 5 = {128, 149, 22, 27, 164, 39, 171, 50, 187, 60, 191, 197, 85, 86, 94, 95, 105, 110, 113, 116, 127}
best_rider_2_centroid best_rider_2_obj best_rider_2_radius best_rider_2_act_1 best_rider_2_act_2 best_rider_2_act_3 best_rider_2_area
149 15161.206133100488 3661.2061331004875 49.50358648121419 132.2655137896433 0.0 23 0.0
rider 6 = {137, 139, 12, 18, 25, 155, 153, 31, 41, 43, 175, 52, 55, 57, 182, 190, 63, 97, 102, 106, 124}
best_rider_2_centroid best_rider_2_obj best_rider_2_radius best_rider_2_act_1 best_rider_2_act_2 best_rider_2_act_3 best_rider_2_area
124 16290.893441702017 3790.893441702018 52.83635656820476 135.6955790547397 0.0 25 0.0
rider 7 = {4, 6, 142, 15, 145, 150, 28, 157, 37, 168, 180, 185, 195, 73, 75, 84, 91, 100, 103, 107}
best_rider_2_centroid best_rider_2_obj best_rider_2_radius best_rider_2_act_1 best_rider_2_act_2 best_rider_2_act_3 best_rider_2_area
157 15751.716354485416 3251.7163544854156 49.23121745842804 128.25544045679712 0.0 25 0.0
rider 8 = {131, 138, 10, 14, 20, 152, 151, 146, 154, 163, 178, 51, 56, 189, 193, 78, 117}
best_rider_2_centroid best_rider_2_obj best_rider_2_radius best_rider_2_act_1 best_rider_2_act_2 best_rider_2_act_3 best_rider_2_area
152 14192.173049151821 3192.173049151822 49.549380133422964 135.73881129748915 0.0 22 0.0
rider 9 = {3, 5, 16, 148, 26, 160, 35, 167, 176, 49, 53, 54, 186, 61, 77, 89, 112, 119, 123}
best_rider_2_centroid best_rider_2_obj best_rider_2_radius best_rider_2_act_1 best_rider_2_act_2 best_rider_2_act_3 best_rider_2_area
77 12219.533079463388 3219.533079463388 50.139507561805246 130.8894068022485 0.0 18 0.0
obj time iter vio 
274477.30975983065 0 0 126761.41165513117
258220.02650771593 0 1 103232.68195099558
255144.3066484952 0 2 98788.78618153415
252964.44022574477 0 3 97964.23432891398
249415.36356725276 0 4 94039.2119689161
244512.5878403259 0 5 89697.08764973574
244231.89069583308 0 6 87143.45403390419
240616.22393422597 0 7 88172.68863240744
234921.595708708 0 8 83320.08279540173
234462.43464032962 0 9 83200.51338291808
231011.3769593374 1 10 75256.71819877381
230090.64528429165 1 11 74628.91870376893
228951.980219239 1 12 73841.51964250469
223070.50686846135 1 13 67725.95556165485
218637.7472431642 1 14 61623.331926719635
216232.9569739309 1 15 61710.735530305144
212992.19766305105 1 16 58026.26809973183
212375.61178469865 1 17 60870.595359326224
211554.04794377723 1 18 58518.213305768964
207404.6601714089 1 19 47190.577339423115
199377.6939747985 2 20 40678.02401466917
198989.63452396478 2 21 40770.6601057009
198610.2110284038 2 22 40427.103943028735
196737.16479880942 2 23 36898.9526648268
196372.19722940112 2 24 36557.825293432754
192434.82425897836 2 25 35535.70705588289
189318.538730008 11 26 32329.043156962274
189265.36920521755 11 27 32329.043156962274
189029.74235024856 11 28 31609.455917805448
187166.40730215173 11 29 29714.624017935115
184675.9310874542 11 30 27325.843602532954
183334.39160805277 11 31 21656.639159137656
183039.79296872075 11 32 21440.3235351432
181903.747013445 11 33 20283.061126987872
181469.25133358047 16 34 25012.718803376538
177781.79050797748 17 35 17607.644652419265
175625.58244096703 17 36 15863.772503574932
175367.53607965316 17 37 13164.732098590322
172801.43481943707 17 38 10033.136580745655
171295.5260286864 17 39 7553.6501487409505
170539.4939602389 17 40 7393.993306710385
169933.59691877177 27 41 7307.030916420332
168960.01090454357 27 42 6822.359914031245
168149.06825329925 27 43 5127.718667741852
168135.3037413936 37 44 5127.718667741852
164871.46816532323 38 45 1838.396532480278
164384.52669378763 58 46 1838.3965324802707
164353.7526749084 78 47 1730.4229728183848
163857.93094546313 98 48 1730.4229728183848
163852.9760287917 99 49 1730.4229728183848
162716.39601924756 128 50 1730.4229728183848
162634.86120603894 150 51 2275.847481547709
162167.99963168436 214 52 2275.847481547709
160353.98360113916 234 53 1958.0767572060045
159371.77293795842 234 54 826.9425992050525
159024.39751289392 235 55 876.2598487324719
159012.96295728808 240 56 876.2598487324719
158950.2745201569 241 57 853.0985532143571
158188.54588027654 241 58 49.31724952741945
159143.41640044108 260 59 0
158138.74841127289 261 60 0
158117.68684083168 344 61 0
158103.3033897505 382 62 0
157960.01615111472 465 63 0
157556.71410679346 493 64 0
157156.03881960927 503 65 0
156586.5377020263 503 66 0
156577.30573739187 513 67 0
156412.19014065614 542 68 0
155968.65950100936 573 69 0
155954.01413965836 583 70 0
155436.30442665663 701 71 0
155350.7968940338 712 72 0
155307.3665559603 807 73 0
155032.0252684503 903 74 0
154819.9041706851 914 75 0
154742.08806663298 953 76 0
154660.0806785321 957 77 0
154612.89430536592 968 78 0
154611.16297570098 969 79 0
154601.945490416 970 80 0
154515.59698875222 998 81 0
154110.03572881393 1082 82 0
154103.8669066902 1085 83 0
154078.932497294 1104 84 0
153924.9491826135 1104 85 0
153876.92556996652 1105 86 0
153708.68698222892 1106 87 0
153627.34862012244 1107 88 0
153582.58538816005 1117 89 0
153556.8840351694 1137 90 0
153513.56976389847 1147 91 0
153372.07093678607 1148 92 0
152562.4337228352 1196 93 0
152549.2395076701 1197 94 0
152502.51983804657 1247 95 0
152431.34730744708 1248 96 0
152360.4102794603 1249 97 0
152347.6030069929 1260 98 0
152272.46983222978 1271 99 0
152155.2416477628 1273 100 0
151706.14623440965 1325 101 0
151594.6501352893 1336 102 0
151550.56767249267 1337 103 0
151546.36977617734 1338 104 0
151435.19366793783 1338 105 0
151415.55248454737 1365 106 0
151319.30033938395 1424 107 0
151301.7285949026 1434 108 0
151294.99667533184 1567 109 0
151116.65703541762 1568 110 0
150402.25430962577 1579 111 0
150321.59237930857 1599 112 0
150264.9005235289 1610 113 0
150068.52385706519 1632 114 0
149990.30442446424 1642 115 0
149961.74189879975 1671 116 0
149925.24446694786 1682 117 0
149864.04940539092 1682 118 0
149814.3049553374 1683 119 0
149793.90683538606 1685 120 0
149709.23876021223 1695 121 0
149271.893791775 1717 122 0
148934.09031638879 1753 123 0
148889.0763673355 1784 124 0
148272.56709256672 1834 125 0
148257.85623275355 1854 126 0
147641.08807041633 1875 127 0
147613.29859351282 1876 128 0
147509.60560319477 1879 129 0
147460.130660334 1927 130 0
147367.97181536644 1958 131 0
147362.87287071877 2015 132 0
147335.49562480403 2166 133 0
147173.04162808933 2186 134 0
147067.2087161806 2264 135 0
146977.1292750529 2306 136 0
146494.6168260767 2381 137 0
146488.57733541197 2382 138 0
146397.52805049228 2385 139 0
146372.94385612028 2404 140 0
146340.272111413 2469 141 0
146218.43276130082 2499 142 0
146165.70562846813 2518 143 0
145902.7713579424 2547 144 0
145859.75065486107 2586 145 0
145710.23127795642 2713 146 0
145707.52062211407 2756 147 0
145563.91850254437 2763 148 0
145544.09656246478 2774 149 0
145534.10637723203 2785 150 0
145288.63778039243 2835 151 0
145286.27555620254 2836 152 0
145268.32428652086 2860 153 0
145263.4789459915 2862 154 0
145217.31257756788 2905 155 0
144993.94084246564 2917 156 0
144967.06740014357 2917 157 0
144919.5438173388 2939 158 0
144790.5887040122 2941 159 0
144784.95325353838 2981 160 0
144383.2439434458 3037 161 0
144379.53529652348 3039 162 0
144334.65538576443 3070 163 0
144144.70796326146 3123 164 0
143629.01123965997 3173 165 0
143603.5268262877 3187 166 0
143543.62706542914 3238 167 0
143458.10566316033 3263 168 0
143391.89007157896 3264 169 0
143354.75755116728 3285 170 0
143113.87888487848 3304 171 0
143078.57151562918 3305 172 0
143034.41219274845 3439 173 0
143019.89102936332 3441 174 0
142914.47402675133 3520 175 0
142756.84443993572 3523 176 0
142445.11028756466 3553 177 0
142416.6923810718 3658 178 0
