instance_name algorithm_name iter_idx best_objective running_time
DU500-P20-0 local_search 6 478645.9712243093 0.262625
nb_riders nb_polygons
20 500
rider 0 = {271, 147, 277, 151, 155, 37, 186, 63, 320, 325, 199, 327, 459, 335, 465, 341, 474, 351, 228, 357, 361, 116, 125}
best_rider_2_centroid best_rider_2_obj best_rider_2_radius best_rider_2_act_1 best_rider_2_act_2 best_rider_2_act_3 best_rider_2_area
125 23916.802907128906 4416.802907128907 63.41181346688893 152.52151116913683 0.0 39 0.0
rider 1 = {263, 142, 402, 274, 29, 416, 290, 293, 165, 435, 312, 315, 188, 207, 340, 473, 221, 481, 227, 364, 239, 119, 377, 251}
best_rider_2_centroid best_rider_2_obj best_rider_2_radius best_rider_2_act_1 best_rider_2_act_2 best_rider_2_act_3 best_rider_2_area
402 24610.907667499465 4110.907667499466 64.72087331924595 158.83437701384145 0.0 41 0.0
rider 2 = {257, 385, 386, 388, 262, 9, 401, 279, 413, 289, 428, 429, 436, 53, 440, 184, 197, 209, 467, 233, 112, 241, 124}
best_rider_2_centroid best_rider_2_obj best_rider_2_radius best_rider_2_act_1 best_rider_2_act_2 best_rider_2_act_3 best_rider_2_area
388 24471.00109768657 3971.001097686572 63.91241824152123 161.38476021210877 0.0 41 0.0
rider 3 = {384, 259, 265, 19, 275, 407, 410, 176, 304, 313, 59, 446, 192, 453, 201, 330, 460, 461, 85, 216, 475, 94, 237, 369, 244, 376, 126}
best_rider_2_centroid best_rider_2_obj best_rider_2_radius best_rider_2_act_1 best_rider_2_act_2 best_rider_2_act_3 best_rider_2_area
446 27195.682369687675 5195.682369687673 63.8973306154745 161.20215039164194 0.0 44 0.0
rider 4 = {135, 7, 403, 281, 418, 35, 50, 441, 447, 449, 73, 203, 76, 82, 212, 472, 219, 220, 478, 107, 236, 110, 113, 253}
best_rider_2_centroid best_rider_2_obj best_rider_2_radius best_rider_2_act_1 best_rider_2_act_2 best_rider_2_act_3 best_rider_2_area
253 23533.730158959355 4928.692943307253 71.0770085614705 147.9617134768601 0.0 33 0.0
rider 5 = {387, 132, 4, 389, 394, 25, 26, 156, 287, 422, 302, 433, 52, 442, 195, 324, 69, 323, 72, 463, 337, 83, 339, 482, 234, 242}
best_rider_2_centroid best_rider_2_obj best_rider_2_radius best_rider_2_act_1 best_rider_2_act_2 best_rider_2_act_3 best_rider_2_area
195 23729.99259690717 4729.992596907168 62.59886146234755 154.73787053825987 0.0 38 0.0
rider 6 = {130, 137, 136, 12, 278, 288, 38, 36, 432, 177, 178, 314, 68, 470, 344, 354, 100, 486, 370, 115, 375, 378}
best_rider_2_centroid best_rider_2_obj best_rider_2_radius best_rider_2_act_1 best_rider_2_act_2 best_rider_2_act_3 best_rider_2_area
486 20128.690228037718 4628.690228037716 63.57790187513901 153.15657525997156 0.0 31 0.0
rider 7 = {260, 140, 143, 16, 291, 421, 169, 300, 305, 308, 56, 191, 458, 204, 462, 468, 214, 88, 480, 229, 485, 363, 240, 245}
best_rider_2_centroid best_rider_2_obj best_rider_2_radius best_rider_2_act_1 best_rider_2_act_2 best_rider_2_act_3 best_rider_2_area
291 23107.434816774607 3888.9957138524746 69.19041044874054 151.51292859595137 0.0 38 0.0
rider 8 = {6, 393, 280, 282, 414, 163, 294, 297, 41, 298, 438, 57, 318, 321, 452, 74, 466, 476, 93, 97, 99, 356, 360, 489, 362}
best_rider_2_centroid best_rider_2_obj best_rider_2_radius best_rider_2_act_1 best_rider_2_act_2 best_rider_2_act_3 best_rider_2_area
362 23506.341358488356 4506.341358488357 64.25882939163014 162.71924520295434 0.0 38 0.0
rider 9 = {0, 131, 273, 148, 153, 157, 33, 39, 167, 427, 181, 185, 448, 450, 322, 67, 456, 328, 336, 464, 210, 96, 235, 243, 380}
best_rider_2_centroid best_rider_2_obj best_rider_2_radius best_rider_2_act_1 best_rider_2_act_2 best_rider_2_act_3 best_rider_2_area
39 23883.193797881097 5383.193797881098 67.92215114126178 150.84847782885777 0.0 37 0.0
rider 10 = {390, 8, 398, 270, 405, 27, 284, 158, 161, 174, 182, 61, 62, 66, 334, 338, 342, 215, 347, 92, 484, 232, 105, 490, 493, 371}
best_rider_2_centroid best_rider_2_obj best_rider_2_radius best_rider_2_act_1 best_rider_2_act_2 best_rider_2_act_3 best_rider_2_area
66 23571.72925767378 4571.729257673777 62.70364136488611 159.99645176041733 0.0 38 0.0
rider 11 = {128, 5, 138, 13, 400, 145, 283, 417, 162, 419, 299, 172, 45, 175, 183, 187, 455, 77, 211, 353, 102, 358, 366, 114, 118, 246, 255}
best_rider_2_centroid best_rider_2_obj best_rider_2_radius best_rider_2_act_1 best_rider_2_act_2 best_rider_2_act_3 best_rider_2_area
366 25858.690190329642 5353.108392958525 68.97755314318952 156.70118692870523 0.0 41 0.0
rider 12 = {129, 258, 1, 267, 141, 144, 406, 408, 411, 285, 159, 31, 307, 51, 309, 55, 439, 198, 75, 80, 79, 84, 477, 483, 101, 231, 497}
best_rider_2_centroid best_rider_2_obj best_rider_2_radius best_rider_2_act_1 best_rider_2_act_2 best_rider_2_act_3 best_rider_2_area
129 23210.100763700993 4710.100763700994 64.91190526797146 159.70023765264426 0.0 37 0.0
rider 13 = {2, 14, 146, 21, 292, 426, 46, 48, 180, 54, 190, 451, 206, 87, 226, 230, 488, 491, 492, 108, 495, 374, 121, 123, 382}
best_rider_2_centroid best_rider_2_obj best_rider_2_radius best_rider_2_act_1 best_rider_2_act_2 best_rider_2_act_3 best_rider_2_area
491 22461.09007028153 4820.61247228433 69.61244894381561 151.35198702040316 0.0 34 0.0
rider 14 = {396, 268, 20, 152, 154, 286, 42, 43, 430, 431, 437, 310, 319, 65, 193, 202, 86, 222, 350, 103, 104, 367, 372, 381, 127}
best_rider_2_centroid best_rider_2_obj best_rider_2_radius best_rider_2_act_1 best_rider_2_act_2 best_rider_2_act_3 best_rider_2_area
20 23165.750138447627 4165.750138447629 63.68870227661818 156.43341654329868 0.0 38 0.0
rider 15 = {3, 392, 10, 395, 272, 149, 415, 160, 47, 70, 454, 331, 81, 343, 345, 90, 346, 95, 122, 498, 120, 250, 254}
best_rider_2_centroid best_rider_2_obj best_rider_2_radius best_rider_2_act_1 best_rider_2_act_2 best_rider_2_act_3 best_rider_2_area
10 20022.20843950678 4522.2084395067795 64.25973511646394 156.44840784707293 0.0 31 0.0
rider 16 = {11, 404, 30, 164, 296, 425, 173, 306, 58, 60, 194, 196, 71, 200, 332, 78, 208, 348, 349, 225, 355, 487, 106, 109, 373, 379}
best_rider_2_centroid best_rider_2_obj best_rider_2_radius best_rider_2_act_1 best_rider_2_act_2 best_rider_2_act_3 best_rider_2_area
348 24402.426022700554 4781.497367596568 62.28228351492219 158.17364429161177 0.0 39 0.0
rider 17 = {256, 261, 391, 269, 15, 150, 24, 412, 32, 424, 171, 49, 434, 311, 445, 64, 213, 217, 218, 479, 224, 352, 359, 111, 117, 249}
best_rider_2_centroid best_rider_2_obj best_rider_2_radius best_rider_2_act_1 best_rider_2_act_2 best_rider_2_act_3 best_rider_2_area
213 29909.981054654985 4990.9522061211055 73.89100019435229 149.45468135321127 0.0 40 0.0
rider 18 = {133, 134, 264, 266, 139, 397, 22, 23, 409, 420, 295, 40, 423, 44, 303, 179, 444, 326, 457, 91, 98, 238, 494, 368, 496, 499, 248}
best_rider_2_centroid best_rider_2_obj best_rider_2_radius best_rider_2_act_1 best_rider_2_act_2 best_rider_2_act_3 best_rider_2_area
266 25631.386319482866 5631.386319482865 66.07107283500513 151.87433351491646 0.0 40 0.0
rider 19 = {399, 17, 18, 276, 28, 34, 166, 168, 170, 301, 443, 316, 317, 189, 329, 205, 333, 469, 471, 89, 223, 365, 247, 252, 383}
best_rider_2_centroid best_rider_2_obj best_rider_2_radius best_rider_2_act_1 best_rider_2_act_2 best_rider_2_act_3 best_rider_2_area
443 22328.831968479575 4328.831968479575 62.785893977501296 154.0323943899058 0.0 36 0.0
obj time iter vio 
633482.6284877536 0 0 164263.3316398502
629776.4686212301 0 1 164263.3316398502
623376.944099641 0 2 160978.33201826553
621774.0146333373 1 3 160658.60566340835
609934.9925424117 1 4 149653.2120506628
607845.986138617 1 5 150403.89833859142
607155.7525208154 1 6 149725.58364284775
600898.949067502 2 7 143552.5633763991
597520.3083596544 2 8 141759.913532946
595873.4569894669 3 9 136641.54919164703
595772.8827484193 4 10 136641.549191647
594352.6590513154 5 11 135160.5133962069
586193.1656609024 6 12 130338.32661708219
582821.6741901821 7 13 126593.42839991882
575525.3895018025 8 14 118002.80688442284
573195.6032349557 9 15 117331.92558728026
572330.7719585958 10 16 129211.058284172
569345.0534533515 10 17 126148.26308382415
568145.5805442994 11 18 118925.60063515756
565226.2688870773 12 19 117231.98518631434
562064.9662983016 14 20 114452.39138858396
562031.0058708579 17 21 105471.32366081577
559740.0509142758 20 22 100804.60119772059
556032.3874784433 22 23 98437.16504280786
554314.8703001702 23 24 104347.65917456408
551359.9061748851 23 25 101399.55207318971
549444.9493586242 23 26 94807.59291224253
549106.0776411013 26 27 93861.59437625406
544513.5230764094 27 28 86662.12495739182
543985.1164460612 27 29 86506.75422024207
543365.644819824 27 30 86661.03722303479
539864.2066244566 28 31 80156.72209177066
539320.8516336122 36 32 79500.02767060624
535701.4340426773 37 33 75625.88322640762
535315.0111112221 38 34 74060.41087902886
534957.7902473436 40 35 71109.5949682927
528855.2076751769 41 36 67011.09237987656
527317.993953956 43 37 66714.14672766805
525244.5827227761 44 38 63392.87779171119
521895.3386996893 45 39 57949.638960305754
519249.1161809966 52 40 56402.85747261204
518920.83351618855 53 41 56126.66677931271
518862.0537440653 54 42 59259.001161754655
518350.7278562445 56 43 58711.784314556964
518155.4191041459 59 44 58402.90222548794
517633.0166944103 63 45 57878.70221670435
517177.7950480804 73 46 56808.207991189876
515451.9213445464 105 47 55205.88445879162
515180.0248034279 106 48 50788.30892167017
514933.9982626102 107 49 51105.753733671205
514019.2131090931 108 50 50275.599677009865
504880.30977442575 109 51 40534.082937726525
503404.2128652415 113 52 39044.895851535264
502712.3217099696 117 53 38199.99156204776
502600.4012240662 124 54 36530.24656858003
501872.2786241292 129 55 38204.64716449257
501511.59434325533 135 56 37724.577495809506
497183.77850970736 158 57 31499.971657141337
496803.4353172117 159 58 28786.9760671307
496625.54101805185 161 59 28687.97035805179
495606.4634779347 162 60 27682.664597391773
491913.2821600042 163 61 27729.756783346395
491672.0302425017 457 62 27440.608522638857
491262.54980559467 458 63 27440.608522638857
489775.7042849857 460 64 25914.212551719316
489349.8610045751 462 65 25439.0135441977
489249.4432120219 752 66 22985.982407500156
488261.80773348344 753 67 21578.807211600863
488198.94574301405 755 68 21578.807211600863
485631.18878176686 760 69 17693.22771946565
485622.42674846726 766 70 17693.22771946565
485616.2944728227 1074 71 17693.22771946566
485058.38984671177 1372 72 17062.6025295956
484025.35222056764 1383 73 17062.6025295956
483461.33741151204 1385 74 16559.897361895197
483173.34004818345 1386 75 16347.616498489086
482363.70002378966 1987 76 15557.777636991124
481550.34748290817 2593 77 10680.534230079678
481476.4580736543 2895 78 10680.534230079678
481203.0039003517 3135 79 9419.403781404379
481123.98429213156 3136 80 9372.333349226976
480569.5115752393 3141 81 8363.780297931839
480430.0274760708 3203 82 8363.780297931839
480412.0200272941 3209 83 8363.780297931839
480375.04399094125 3211 84 8363.780297931839
479414.14282533585 3219 85 8003.911420209297
479242.32680386666 3222 86 8309.28326630331
479144.7799715394 3230 87 8309.28326630331
478999.0380608182 3236 88 8309.28326630331
478859.81678105716 3238 89 8288.208471959648
478645.9712243093 3839 90 8009.493217580415
