instance_name algorithm_name iter_idx best_objective running_time
DU500-P20-0 local_search 9 473876.88142822275 0.218581
nb_riders nb_polygons
20 500
rider 0 = {256, 384, 259, 283, 156, 285, 411, 289, 163, 433, 307, 53, 455, 465, 84, 212, 471, 349, 94, 353, 484, 231, 489, 109, 496, 381}
best_rider_2_centroid best_rider_2_obj best_rider_2_radius best_rider_2_act_1 best_rider_2_act_2 best_rider_2_act_3 best_rider_2_area
94 28647.133867931356 4647.133867931358 66.29418440010882 155.70860075966903 0.0 48 0.0
rider 1 = {387, 389, 278, 150, 24, 409, 31, 32, 33, 437, 310, 57, 315, 319, 329, 342, 344, 473, 479, 95, 98, 364, 498, 246}
best_rider_2_centroid best_rider_2_obj best_rider_2_radius best_rider_2_act_1 best_rider_2_act_2 best_rider_2_act_3 best_rider_2_area
364 24836.178431478445 4598.578635291106 70.5517119316964 147.5218424617999 0.0 37 0.0
rider 2 = {261, 143, 272, 401, 404, 287, 418, 420, 39, 304, 181, 54, 440, 189, 62, 63, 207, 80, 478, 225, 99, 483, 492, 494}
best_rider_2_centroid best_rider_2_obj best_rider_2_radius best_rider_2_act_1 best_rider_2_act_2 best_rider_2_act_3 best_rider_2_area
39 23053.00512025281 4553.005120252808 67.12763515039703 150.47602381875902 0.0 37 0.0
rider 3 = {128, 12, 399, 275, 21, 408, 294, 303, 432, 47, 179, 182, 183, 55, 61, 321, 85, 92, 93, 224, 482, 227, 228, 104, 107, 366, 115}
best_rider_2_centroid best_rider_2_obj best_rider_2_radius best_rider_2_act_1 best_rider_2_act_2 best_rider_2_act_3 best_rider_2_area
366 23814.96934260837 4814.969342608368 65.7635027552931 159.71031518921203 0.0 38 0.0
rider 4 = {6, 7, 265, 138, 397, 18, 279, 153, 281, 422, 313, 193, 74, 76, 334, 206, 210, 215, 221, 355, 360, 491, 110, 370, 116, 378}
best_rider_2_centroid best_rider_2_obj best_rider_2_radius best_rider_2_act_1 best_rider_2_act_2 best_rider_2_act_3 best_rider_2_area
6 24718.062138530455 4718.062138530454 67.92949874913279 159.3956356943313 0.0 40 0.0
rider 5 = {131, 25, 410, 284, 429, 435, 311, 186, 192, 195, 323, 197, 69, 72, 203, 337, 217, 103, 232, 363, 238, 376, 121, 126}
best_rider_2_centroid best_rider_2_obj best_rider_2_radius best_rider_2_act_1 best_rider_2_act_2 best_rider_2_act_3 best_rider_2_area
195 22416.802970632896 4416.802970632895 63.49902174287942 159.58722481073954 0.0 36 0.0
rider 6 = {385, 136, 270, 178, 58, 444, 446, 70, 73, 459, 462, 340, 216, 90, 219, 105, 490, 495, 113, 373, 374, 251, 125, 127}
best_rider_2_centroid best_rider_2_obj best_rider_2_radius best_rider_2_act_1 best_rider_2_act_2 best_rider_2_act_3 best_rider_2_area
127 22075.937821921358 4575.937821921358 66.20883941187691 157.751551965238 0.0 35 0.0
rider 7 = {394, 140, 269, 145, 20, 419, 164, 167, 169, 42, 302, 174, 51, 439, 318, 68, 205, 213, 88, 474, 475, 476, 222, 480, 229, 234, 367}
best_rider_2_centroid best_rider_2_obj best_rider_2_radius best_rider_2_act_1 best_rider_2_act_2 best_rider_2_act_3 best_rider_2_area
269 24317.62419823805 4817.624198238049 68.82911910221026 160.2694151700551 0.0 39 0.0
rider 8 = {257, 1, 4, 5, 390, 135, 262, 139, 268, 13, 16, 400, 298, 170, 447, 322, 456, 461, 81, 351, 112, 242, 119, 120}
best_rider_2_centroid best_rider_2_obj best_rider_2_radius best_rider_2_act_1 best_rider_2_act_2 best_rider_2_act_3 best_rider_2_area
4 22232.13095293369 4732.130952933691 64.24169349934306 151.62777437449122 0.0 35 0.0
rider 9 = {2, 396, 28, 159, 424, 177, 50, 312, 450, 326, 328, 75, 204, 333, 89, 348, 354, 114, 248, 249, 382, 383}
best_rider_2_centroid best_rider_2_obj best_rider_2_radius best_rider_2_act_1 best_rider_2_act_2 best_rider_2_act_3 best_rider_2_area
75 20262.32358602588 3762.3235860258774 65.87914463396483 151.77158407498362 0.0 33 0.0
rider 10 = {386, 271, 274, 146, 405, 23, 27, 160, 40, 64, 449, 66, 327, 77, 468, 345, 347, 350, 96, 236, 493, 239, 372, 380}
best_rider_2_centroid best_rider_2_obj best_rider_2_radius best_rider_2_act_1 best_rider_2_act_2 best_rider_2_act_3 best_rider_2_area
347 21016.481068090205 4516.481068090205 63.103070059866766 148.59423297119625 0.0 33 0.0
rider 11 = {258, 134, 14, 19, 277, 161, 162, 165, 166, 423, 293, 300, 172, 175, 194, 325, 454, 463, 338, 467, 470, 352, 102, 361, 371, 123}
best_rider_2_centroid best_rider_2_obj best_rider_2_radius best_rider_2_act_1 best_rider_2_act_2 best_rider_2_act_3 best_rider_2_area
300 27680.272437570195 4797.295304231285 69.87129807316464 147.19605126611657 0.0 43 0.0
rider 12 = {3, 144, 273, 22, 152, 155, 416, 36, 38, 425, 299, 176, 180, 443, 198, 214, 343, 346, 226, 487, 233, 235, 237, 365, 369}
best_rider_2_centroid best_rider_2_obj best_rider_2_radius best_rider_2_act_1 best_rider_2_act_2 best_rider_2_act_3 best_rider_2_area
443 23458.698919699964 4958.698919699963 62.60539741458054 158.85815859329816 0.0 37 0.0
rider 13 = {263, 10, 148, 280, 30, 421, 427, 44, 301, 428, 48, 436, 52, 441, 442, 59, 451, 200, 457, 332, 209, 87, 481, 357, 377, 255}
best_rider_2_centroid best_rider_2_obj best_rider_2_radius best_rider_2_act_1 best_rider_2_act_2 best_rider_2_act_3 best_rider_2_area
87 24636.886790915763 4636.886790915764 64.0952233606987 162.4244255568854 0.0 40 0.0
rider 14 = {395, 402, 26, 414, 34, 291, 292, 290, 296, 43, 430, 184, 60, 445, 452, 71, 78, 79, 466, 339, 218, 106, 111, 244}
best_rider_2_centroid best_rider_2_obj best_rider_2_radius best_rider_2_act_1 best_rider_2_act_2 best_rider_2_act_3 best_rider_2_area
291 21772.366707528836 4272.366707528837 62.64300869782239 162.2173565074424 0.0 35 0.0
rider 15 = {130, 398, 15, 403, 147, 276, 426, 56, 185, 187, 320, 448, 201, 458, 330, 335, 83, 86, 477, 356, 362, 243, 117, 118, 375, 122}
best_rider_2_centroid best_rider_2_obj best_rider_2_radius best_rider_2_act_1 best_rider_2_act_2 best_rider_2_act_3 best_rider_2_area
403 25573.9367110577 5073.9367110576995 68.73708247670702 152.32755143733573 0.0 41 0.0
rider 16 = {0, 393, 407, 413, 37, 41, 46, 431, 173, 438, 188, 190, 453, 460, 208, 336, 469, 97, 101, 230, 488, 368, 241, 497, 379, 124}
best_rider_2_centroid best_rider_2_obj best_rider_2_radius best_rider_2_act_1 best_rider_2_act_2 best_rider_2_act_3 best_rider_2_area
188 24715.638808599513 5215.638808599511 63.79818810228549 157.5419424896089 0.0 39 0.0
rider 17 = {129, 260, 133, 142, 17, 149, 282, 157, 158, 286, 417, 297, 45, 49, 434, 324, 211, 472, 223, 486, 359, 108, 240, 499, 245}
best_rider_2_centroid best_rider_2_obj best_rider_2_radius best_rider_2_act_1 best_rider_2_act_2 best_rider_2_act_3 best_rider_2_area
158 22721.008418459736 4221.0084184597345 63.966589022009074 158.99146040591293 0.0 37 0.0
rider 18 = {388, 392, 9, 266, 267, 11, 141, 264, 151, 29, 415, 295, 306, 309, 314, 317, 191, 67, 196, 199, 202, 91, 220, 485, 247, 250}
best_rider_2_centroid best_rider_2_obj best_rider_2_radius best_rider_2_act_1 best_rider_2_act_2 best_rider_2_act_3 best_rider_2_area
266 25258.28859328698 4758.28859328698 65.0289929871765 155.5431356655937 0.0 41 0.0
rider 19 = {132, 391, 8, 137, 406, 154, 412, 288, 35, 168, 171, 305, 308, 316, 65, 331, 464, 82, 341, 100, 358, 252, 253, 254}
best_rider_2_centroid best_rider_2_obj best_rider_2_radius best_rider_2_act_1 best_rider_2_act_2 best_rider_2_act_3 best_rider_2_area
8 20669.134542460575 4169.134542460573 63.57863358723218 151.53206777910208 0.0 33 0.0
obj time iter vio 
626509.6045198074 0 0 176823.1182991432
619330.2942197778 0 1 174500.19885176752
612650.6053092113 0 2 170886.60089596093
607007.0104211261 0 3 158742.70848106552
604838.1479286279 0 4 150711.7945578199
604004.5725179407 1 5 145660.91848664518
602142.8432977216 1 6 145823.50937256007
601764.394773927 2 7 145823.50937256005
597156.4605253631 2 8 144434.4643004625
595768.0965485057 3 9 158110.64602367673
591176.3688984985 3 10 153626.1358094866
591172.0265299384 3 11 153626.1358094866
589368.5996065746 4 12 152744.4258753456
589009.8461961735 4 13 152453.18115264413
587984.3144298609 4 14 149920.54788273745
584705.5598637412 4 15 147015.89488059492
580148.2050835533 4 16 142386.73846308741
577397.9869632388 5 17 140821.1126613687
577297.5027581104 5 18 140821.1126613687
571859.356006568 5 19 132544.5301778717
567827.5113370079 7 20 117437.70190369993
567078.5455377045 7 21 115484.61255382923
559713.7281653259 8 22 109525.38808514249
559131.8051834042 10 23 107855.72370136731
553244.1391607528 10 24 100508.92059794137
552358.7241272108 10 25 99132.8345429954
552037.8388552215 10 26 95563.79872358518
551311.4627264788 10 27 94888.24268787629
550399.0065515329 11 28 93456.72973419294
542654.8948188928 11 29 89560.77421735707
542167.085612728 11 30 89037.8844734948
540063.3775106588 11 31 86760.20965514185
539984.9892333848 12 32 84089.1405015415
538377.3044274838 12 33 81760.8428168896
538264.7714512761 12 34 81539.92059118935
538233.3527156177 12 35 81539.92059118935
537560.8993783516 12 36 68854.12265971904
535291.7724821533 13 37 67111.67932494616
533848.4044712918 13 38 64713.505301173675
533582.0927660995 13 39 63435.195932003946
533151.4173055786 13 40 62899.55761337986
533106.0447148788 21 41 64918.184072531425
532648.4543624221 22 42 62279.62480623008
531717.0830895094 23 43 61177.86744925391
531716.3893947941 23 44 61177.86744925391
530993.942411733 24 45 63337.65416569966
529504.8115315993 24 46 59464.897154174694
528585.5738516573 24 47 58048.23932746909
527846.7518082839 25 48 56826.18970578237
527716.3893736945 34 49 56826.18970578237
527220.4087992521 34 50 56307.21931635001
527155.0042177408 45 51 56307.21931635
526821.7077219426 45 52 55968.34664365107
526010.0006036519 56 53 63014.230777789846
525929.1419617243 57 54 62883.92543603729
521693.4143150606 58 55 49665.28495261086
521550.12799995305 58 56 49027.93390155037
521529.4586580904 149 57 48945.217994026614
513063.2920886455 150 58 41430.26573519361
512449.41052798496 150 59 40813.87593761537
512154.2457161066 151 60 40813.87593761537
511925.7226025014 151 61 40555.46575065935
511788.2533833579 152 62 40499.56537634237
511764.84830423637 154 63 41002.854772363826
511741.08520395757 154 64 41002.854772363826
511418.5403674865 154 65 40681.69095475995
510459.6616620487 155 66 38698.12610955283
510447.55743737053 156 67 38698.12610955283
509495.32399511675 175 68 38179.602062956816
507350.9699029074 176 69 36020.43543039048
506227.67085058405 177 70 41828.78006565111
504786.0689729384 178 71 40471.19616214799
504728.3390019419 191 72 32577.846402864976
504659.48379504454 192 73 32577.84640286496
504363.980400362 193 74 32478.16370057906
502907.81542622444 194 75 30902.183539366284
502803.985132825 199 76 30842.584344208008
502630.72341164865 200 77 30632.180287174575
502165.6165492253 201 78 30134.371660969402
497431.1288197753 201 79 26519.94848141894
497331.1206506253 203 80 26519.948481418935
494388.69733408885 203 81 24059.20199165532
494382.43531864265 204 82 24059.20199165532
494303.09277748945 205 83 24059.20199165532
490608.36590124725 206 84 19335.457560544062
489010.6435533573 207 85 17162.243772788082
488934.2253319448 332 86 17162.243772788068
487480.3346904771 423 87 16274.107694858958
487194.09844953846 471 88 13837.409318653
486718.0016508638 471 89 13837.409318653
486288.5161574733 471 90 13837.409318653
486118.59402411745 598 91 14109.784929932634
485511.1462114523 598 92 14492.682426607993
482699.0112521767 599 93 10739.185738885884
480000.44928527856 599 94 9580.484569383985
479902.12917982973 600 95 9002.38114275024
479515.63516246784 731 96 8619.483646074885
479059.9695516068 738 97 8619.483646074885
477899.28884425154 867 98 7599.3745745202905
477853.013825782 868 99 7602.565511235674
477833.5446971644 869 100 7602.565511235674
477780.0199116363 911 101 7602.565511235674
477728.5313701535 920 102 7532.512751598117
477711.2109536054 922 103 7532.512751598117
477604.5926299233 1186 104 7532.5127515981585
477549.96035517554 1321 105 7509.232063387235
477172.5791792749 1476 106 6699.380669098282
476371.39648010244 1741 107 5892.720211524736
475917.4392238318 2016 108 6020.680535975956
475878.7117153341 2016 109 6020.680535975956
475817.71498562035 2019 110 6020.680535975984
475713.18935313425 2167 111 6020.680535975962
475699.15350515104 2277 112 6020.680535975991
475242.2674244576 3216 113 5999.9801784813335
474756.812913501 3218 114 5999.9801784813335
474542.5927299117 3247 115 5999.9801784813335
474318.672841239 3248 116 5727.6045672016935
474266.63341844245 3251 117 5727.6045672016935
474165.36135993944 3525 118 5727.604567201701
473930.3832602749 3528 119 5599.644242750452
473876.88142822275 3670 120 5599.644242750481
