instance_name algorithm_name iter_idx best_objective running_time
DU500-P20-0 local_search 1 477626.2706265901 0.75897
nb_riders nb_polygons
20 500
rider 0 = {8, 274, 19, 404, 283, 418, 419, 293, 431, 178, 437, 311, 314, 319, 320, 448, 452, 326, 327, 331, 465, 338, 477, 483, 366, 382}
best_rider_2_centroid best_rider_2_obj best_rider_2_radius best_rider_2_act_1 best_rider_2_act_2 best_rider_2_act_3 best_rider_2_area
404 27682.508396310004 4682.508396310005 66.87614904948586 154.42270228446813 0.0 46 0.0
rider 1 = {1, 268, 269, 142, 401, 146, 275, 156, 158, 417, 163, 420, 174, 306, 179, 57, 322, 458, 469, 341, 473, 92, 226, 487, 364}
best_rider_2_centroid best_rider_2_obj best_rider_2_radius best_rider_2_act_1 best_rider_2_act_2 best_rider_2_act_3 best_rider_2_area
269 23529.222164153984 4529.2221641539845 63.44748927973062 150.4069254836996 0.0 38 0.0
rider 2 = {385, 131, 9, 273, 403, 407, 27, 287, 414, 289, 38, 432, 49, 188, 71, 199, 74, 203, 468, 214, 89, 96, 98, 101, 107, 118}
best_rider_2_centroid best_rider_2_obj best_rider_2_radius best_rider_2_act_1 best_rider_2_act_2 best_rider_2_act_3 best_rider_2_area
188 24859.746871523665 4859.746871523664 68.84183172615361 150.72834316499467 0.0 40 0.0
rider 3 = {10, 276, 285, 415, 35, 169, 177, 50, 59, 60, 446, 193, 330, 206, 78, 479, 224, 97, 480, 489, 237, 238, 109, 375, 250, 251}
best_rider_2_centroid best_rider_2_obj best_rider_2_radius best_rider_2_act_1 best_rider_2_act_2 best_rider_2_act_3 best_rider_2_area
10 24843.856579559444 5343.856579559444 67.97522533127346 150.77661751835072 0.0 39 0.0
rider 4 = {258, 261, 144, 278, 284, 294, 427, 46, 184, 186, 315, 67, 460, 461, 212, 87, 488, 233, 491, 363, 236, 111, 368}
best_rider_2_centroid best_rider_2_obj best_rider_2_radius best_rider_2_act_1 best_rider_2_act_2 best_rider_2_act_3 best_rider_2_area
491 23977.73678681156 4477.736786811561 65.79580899746595 159.70090864902593 0.0 39 0.0
rider 5 = {257, 3, 145, 150, 21, 410, 43, 433, 56, 58, 65, 325, 196, 462, 337, 210, 467, 217, 346, 91, 350, 103, 490, 121, 253}
best_rider_2_centroid best_rider_2_obj best_rider_2_radius best_rider_2_act_1 best_rider_2_act_2 best_rider_2_act_3 best_rider_2_area
253 19562.54857069185 4562.548570691851 62.87002517887421 160.58874756280107 0.0 30 0.0
rider 6 = {390, 135, 7, 264, 138, 262, 397, 399, 405, 406, 152, 30, 290, 37, 180, 181, 310, 183, 62, 324, 73, 83, 345, 230, 231, 499, 243, 126}
best_rider_2_centroid best_rider_2_obj best_rider_2_radius best_rider_2_act_1 best_rider_2_act_2 best_rider_2_act_3 best_rider_2_area
390 28000.21330437891 5500.213304378911 63.94502088925078 161.0425476769881 0.0 45 0.0
rider 7 = {259, 388, 5, 16, 159, 33, 292, 170, 304, 176, 308, 436, 182, 441, 192, 68, 198, 329, 209, 84, 88, 476, 99, 229, 247, 120}
best_rider_2_centroid best_rider_2_obj best_rider_2_radius best_rider_2_act_1 best_rider_2_act_2 best_rider_2_act_3 best_rider_2_area
388 22120.13980317296 4620.139803172959 66.76327463870447 155.1153681438916 0.0 35 0.0
rider 8 = {267, 141, 20, 297, 44, 175, 51, 313, 316, 317, 466, 85, 344, 351, 481, 486, 232, 493, 494, 367, 369, 115, 244, 374, 127}
best_rider_2_centroid best_rider_2_obj best_rider_2_radius best_rider_2_act_1 best_rider_2_act_2 best_rider_2_act_3 best_rider_2_area
486 24938.56468672491 4438.564686724909 65.39388584376242 156.07701519148446 0.0 41 0.0
rider 9 = {271, 147, 279, 23, 153, 161, 39, 296, 48, 307, 189, 449, 66, 450, 328, 333, 211, 470, 215, 471, 94, 360, 239, 497, 372, 254}
best_rider_2_centroid best_rider_2_obj best_rider_2_radius best_rider_2_act_1 best_rider_2_act_2 best_rider_2_act_3 best_rider_2_area
94 23760.838972469097 4760.838972469097 67.72966032960309 149.22868783786058 0.0 38 0.0
rider 10 = {128, 260, 391, 392, 140, 396, 25, 160, 34, 168, 173, 55, 444, 445, 64, 202, 459, 339, 482, 355, 361, 240, 370, 116, 381}
best_rider_2_centroid best_rider_2_obj best_rider_2_radius best_rider_2_act_1 best_rider_2_act_2 best_rider_2_act_3 best_rider_2_area
128 23701.783202985313 4701.783202985312 68.49199173241907 152.93500190269353 0.0 38 0.0
rider 11 = {6, 263, 393, 266, 395, 139, 13, 270, 15, 282, 286, 416, 162, 423, 40, 298, 172, 438, 454, 200, 457, 75, 464, 336, 349, 356, 102, 113, 123}
best_rider_2_centroid best_rider_2_obj best_rider_2_radius best_rider_2_act_1 best_rider_2_act_2 best_rider_2_act_3 best_rider_2_area
6 27120.386775085157 5120.386775085156 68.656964383818 157.4994740701598 0.0 44 0.0
rider 12 = {256, 4, 136, 277, 22, 280, 155, 28, 36, 295, 429, 54, 312, 187, 207, 80, 213, 347, 478, 484, 358, 104, 245, 376, 379, 255}
best_rider_2_centroid best_rider_2_obj best_rider_2_radius best_rider_2_act_1 best_rider_2_act_2 best_rider_2_act_3 best_rider_2_area
277 25492.23105739479 4492.231057394791 67.04312309384075 154.62585829772843 0.0 42 0.0
rider 13 = {387, 11, 14, 408, 154, 413, 288, 412, 301, 302, 303, 435, 440, 318, 194, 451, 201, 77, 216, 219, 354, 227, 495, 112, 377}
best_rider_2_centroid best_rider_2_obj best_rider_2_radius best_rider_2_act_1 best_rider_2_act_2 best_rider_2_act_3 best_rider_2_area
387 25334.18180293746 5334.181802937459 64.4107525880394 152.78880169408404 0.0 40 0.0
rider 14 = {265, 137, 18, 151, 47, 309, 442, 443, 61, 197, 76, 334, 79, 86, 342, 343, 218, 475, 348, 353, 485, 106, 365, 122}
best_rider_2_centroid best_rider_2_obj best_rider_2_radius best_rider_2_act_1 best_rider_2_act_2 best_rider_2_act_3 best_rider_2_area
348 25277.871515810468 4777.871515810468 63.230873148446825 160.7622707600397 0.0 41 0.0
rider 15 = {129, 2, 132, 133, 394, 17, 164, 422, 42, 430, 195, 70, 204, 335, 81, 90, 220, 221, 93, 228, 241, 371, 246, 252, 125}
best_rider_2_centroid best_rider_2_obj best_rider_2_radius best_rider_2_act_1 best_rider_2_act_2 best_rider_2_act_3 best_rider_2_area
204 22845.138322060695 3954.5037477090773 61.51257759567456 160.36198291985835 0.0 36 0.0
rider 16 = {386, 389, 31, 167, 426, 300, 45, 434, 52, 190, 63, 453, 455, 205, 463, 208, 82, 474, 100, 235, 373, 119, 249}
best_rider_2_centroid best_rider_2_obj best_rider_2_radius best_rider_2_act_1 best_rider_2_act_2 best_rider_2_act_3 best_rider_2_area
45 20998.91933477865 4498.919334778648 65.32927622996345 160.41434806885607 0.0 33 0.0
rider 17 = {130, 134, 398, 143, 400, 149, 24, 32, 424, 299, 305, 53, 185, 69, 340, 222, 223, 359, 105, 492, 117, 380}
best_rider_2_centroid best_rider_2_obj best_rider_2_radius best_rider_2_act_1 best_rider_2_act_2 best_rider_2_act_3 best_rider_2_area
105 19185.525929337382 4185.525929337384 68.0505225762067 148.45144621740613 0.0 30 0.0
rider 18 = {384, 12, 272, 281, 411, 26, 41, 171, 439, 191, 447, 321, 456, 472, 225, 352, 357, 110, 114, 498, 124, 383}
best_rider_2_centroid best_rider_2_obj best_rider_2_radius best_rider_2_act_1 best_rider_2_act_2 best_rider_2_act_3 best_rider_2_area
411 21856.84739568604 4356.847395686041 65.55875147581814 153.20475255651658 0.0 35 0.0
rider 19 = {0, 402, 148, 409, 157, 29, 291, 421, 166, 165, 425, 428, 323, 72, 332, 95, 234, 362, 108, 496, 242, 248, 378}
best_rider_2_centroid best_rider_2_obj best_rider_2_radius best_rider_2_act_1 best_rider_2_act_2 best_rider_2_act_3 best_rider_2_area
95 22538.009154717824 3963.428054606148 61.8286310699145 159.91455099086323 0.0 36 0.0
obj time iter vio 
770734.353018451 0 0 303854.26545026613
765657.1850355349 0 1 300295.55324970506
758364.2790050092 0 2 293690.29157555534
752388.8448888264 1 3 290267.17360594025
749346.9303494971 1 4 288172.34124422015
746164.066036796 2 5 285297.0420798962
733188.0026514675 2 6 268786.9120614909
733072.4990711682 3 7 268786.91206149093
731726.5505082228 3 8 268786.9120614909
730073.6697607001 4 9 269263.30552689306
728046.7344666508 5 10 267160.7414088327
722727.9478064228 5 11 265318.25097858894
720864.8984403044 5 12 261788.98713887413
716112.4965571437 5 13 259875.78972535505
715891.4780199502 5 14 261711.6952626402
714977.9219831254 6 15 261358.1880069258
705541.2347054088 6 16 249699.6962447819
701293.4994791993 6 17 244928.83893444133
699841.1103992702 6 18 243014.29506149533
698664.2998791318 6 19 245029.78893290152
698641.4433221128 7 20 245029.78893290157
698328.1672059766 7 21 244163.39184788603
691356.5365361557 8 22 236075.06281086314
689648.3679100644 8 23 237070.60776307073
685593.4436367681 9 24 233091.46436361084
684916.7940353843 9 25 229060.04774418578
683832.4806598315 9 26 226605.42544359236
678927.6566746451 9 27 215698.78391584393
678866.1312526776 10 28 215166.52076038334
676822.6671907033 10 29 211952.19764965138
675876.0153314898 10 30 215820.1252120844
671650.0354558389 11 31 201118.30631666793
666605.317520377 11 32 195842.9472475587
664461.290749849 12 33 193951.76966856825
661528.0142679078 13 34 191575.86011326045
659610.4871484212 13 35 191261.13338209578
659397.1640504852 14 36 191261.13338209578
658283.572293826 14 37 188336.91995001235
653012.7437091753 14 38 185498.535264568
652117.7151486296 15 39 183938.221078905
648154.3279225681 15 40 187046.2298876313
643106.8564105389 17 41 181924.3881719797
641082.9231657322 17 42 190763.83209100514
640569.834509112 18 43 203587.49299059316
639905.4977195085 18 44 200239.5112205562
637008.2488508901 18 45 197750.22129522075
636404.141436738 19 46 197537.0590063753
634944.7063847678 19 47 192846.95876934708
633484.5540094376 20 48 190053.1159897586
631858.0270768319 20 49 188432.80278484648
626861.0475107054 21 50 181074.58811722475
623860.5869722092 22 51 174915.8188624524
620862.1806478607 22 52 182504.40765938684
618885.7554906124 24 53 174970.3674893741
617161.9677998731 25 54 178130.16626686693
614444.9450260642 25 55 172024.53680940365
613161.5596070852 26 56 172392.61860947768
612897.7368328961 26 57 171723.00549174284
612665.7008391721 27 58 171058.38896490345
606100.8730680593 30 59 162184.8475309642
605865.0818710816 30 60 150505.22094614626
603627.4134721298 30 61 146163.35378742518
599967.7391200619 31 62 135272.99325051502
598919.8944254718 31 63 138069.54800098724
585061.1154048743 31 64 115922.58869323815
583339.6382602776 32 65 114694.0783635492
583164.7874168829 32 66 113271.84208029661
582872.0182149122 33 67 113271.84208029658
582810.7183520263 33 68 113297.49442318983
582311.7183850778 33 69 113297.49442318983
580341.4911353249 34 70 110405.0202693609
577093.3398552507 34 71 108168.53439206873
575549.3293492083 34 72 107837.07024034974
573440.372339045 34 73 105558.81506735893
572657.8615934124 35 74 104708.10569549029
570745.0605209648 35 75 101854.9262381331
566506.6548663604 35 76 97492.99921091937
565411.321149045 35 77 96478.53923605732
564097.5388295042 36 78 94667.2912448736
564068.9562693828 36 79 94667.29124487363
563977.2191934179 36 80 94358.59109689455
561247.0806914573 37 81 91661.37460222396
559038.1962642223 38 82 87283.01594907421
556041.1135920394 40 83 84238.19326655634
555987.3097726472 40 84 84672.8680208191
555786.9773673556 40 85 82904.87236323993
555737.9520837846 41 86 82904.87236323993
555701.661429159 41 87 82904.87236323993
552066.3058397701 42 88 80475.22875149664
547560.592030085 43 89 79097.29641204035
547546.7110298447 43 90 79097.29641204035
547050.8250248575 43 91 79097.29641204035
546185.4879177555 44 92 78182.05317832448
545543.3302322109 44 93 77796.17678968052
537549.567551665 45 94 74260.15136306811
535268.346640866 46 95 71830.78208089384
529561.6424852125 46 96 73871.19502454798
528680.0269097517 46 97 64158.58641376298
527612.1690724727 47 98 62534.53697411268
527093.8864486241 52 99 64353.11531538141
526700.6557007344 352 100 64057.74840774418
521344.21698802593 352 101 50217.725188991215
519176.72782297013 352 102 48038.79649785756
517937.8803287507 353 103 46289.07228228848
515381.5878181092 354 104 43843.77094112318
512199.34874338063 360 105 41056.1464924808
511633.9687011484 362 106 40612.45015459283
511593.6979664124 363 107 40606.97338589949
511082.69696729677 366 108 41645.475922784804
510133.901858157 367 109 39232.31545411354
509850.7335919719 418 110 38891.881213774606
509473.80655005894 418 111 39389.018585977035
508262.51803570247 420 112 38274.93387989927
508150.2418895891 423 113 36757.53524467702
507598.91201305314 425 114 36150.79000888481
507293.03416077024 426 115 35279.02995686693
500161.910174571 426 116 23630.883679537015
499213.37419915944 427 117 22100.678574669746
499164.2052296224 430 118 22100.678574669746
498357.6721012009 430 119 22797.062264259075
498280.94950594066 433 120 22683.02956194291
495121.23209113034 436 121 20061.463006275437
495110.94875587197 437 122 20325.794596461863
495070.9598101163 440 123 20325.794596461892
494857.4223578945 441 124 17163.908663781727
494657.0440962844 442 125 16940.464151058262
494139.68539024395 443 126 16940.464151058262
493181.2663323825 443 127 16940.464151058262
493000.656546715 446 128 16718.776270993618
492243.73739347426 447 129 15461.835709038287
492010.77994068625 449 130 15334.343048080162
490793.60472101456 451 131 14644.426019332479
490249.63022593356 455 132 14644.426019332464
488401.9396252771 460 133 12847.574935489525
488395.4572303837 462 134 12847.574935489525
488368.8841130664 465 135 12847.574935489525
488049.77149953175 470 136 12482.820350612956
485787.7974406388 536 137 9231.813765110459
485698.55203262676 545 138 9491.828463297885
485342.4989147855 551 139 9135.93595885197
485225.87860406394 559 140 9025.540978216453
482220.2529731462 569 141 6848.254656126988
481704.41280186444 877 142 6399.309412940345
480722.3161291579 885 143 5385.389359478866
479817.05590132275 1195 144 5025.31939322188
479207.9831760323 1196 145 5025.31939322188
479183.0734493977 1203 146 2903.2673078231655
479088.6633383923 1509 147 2903.2673078231655
479064.66176973353 1513 148 2903.2673078231655
479052.5063493195 1516 149 2903.2673078231655
478720.34480896697 1819 150 2488.9081062528094
478408.96620163997 3025 151 2186.031573908072
478227.7204881008 3032 152 1465.2156744632957
478209.3072494699 3040 153 1465.2156744632957
477726.7498482341 3351 154 1465.2156744632957
477634.8420289231 3360 155 1465.2156744632957
477626.2706265901 3664 156 1465.2156744632957
