instance_name algorithm_name iter_idx best_objective running_time
DU500-P20-0 local_search 7 469364.5155908953 0.523519
nb_riders nb_polygons
20 500
rider 0 = {7, 403, 283, 413, 163, 422, 167, 423, 428, 434, 314, 442, 455, 460, 469, 471, 349, 375, 230, 357, 485, 361, 491, 497, 371}
best_rider_2_centroid best_rider_2_obj best_rider_2_radius best_rider_2_act_1 best_rider_2_act_2 best_rider_2_act_3 best_rider_2_area
403 27670.674008697526 4170.674008697526 65.5919620425063 161.10172755733646 0.0 47 0.0
rider 1 = {258, 386, 260, 6, 265, 394, 14, 271, 409, 29, 160, 64, 65, 465, 472, 92, 477, 227, 104, 364, 238, 244, 380}
best_rider_2_centroid best_rider_2_obj best_rider_2_radius best_rider_2_act_1 best_rider_2_act_2 best_rider_2_act_3 best_rider_2_area
65 20589.330407019 4089.330407018997 63.463033238384824 151.2628317453912 0.0 33 0.0
rider 2 = {387, 131, 5, 393, 401, 149, 27, 414, 158, 296, 427, 429, 48, 62, 450, 456, 330, 74, 337, 89, 476, 350, 242, 370, 122}
best_rider_2_centroid best_rider_2_obj best_rider_2_radius best_rider_2_act_1 best_rider_2_act_2 best_rider_2_act_3 best_rider_2_area
476 22889.02011966727 4389.020119667273 66.01740628577511 156.4560692214639 0.0 37 0.0
rider 3 = {0, 135, 396, 18, 19, 404, 275, 24, 156, 416, 419, 51, 309, 310, 316, 446, 66, 196, 205, 333, 79, 84, 345, 368, 498, 127}
best_rider_2_centroid best_rider_2_obj best_rider_2_radius best_rider_2_act_1 best_rider_2_act_2 best_rider_2_act_3 best_rider_2_area
127 22993.93119988668 4493.93119988668 68.60438740122278 156.21848287184315 0.0 37 0.0
rider 4 = {385, 2, 9, 26, 155, 412, 294, 424, 425, 170, 299, 438, 311, 193, 75, 77, 211, 212, 213, 87, 218, 225, 236, 111, 246, 119}
best_rider_2_centroid best_rider_2_obj best_rider_2_radius best_rider_2_act_1 best_rider_2_act_2 best_rider_2_act_3 best_rider_2_area
9 24676.295894488976 4676.295894488975 62.54168695505961 163.10819229908657 0.0 40 0.0
rider 5 = {132, 4, 390, 16, 145, 277, 23, 289, 418, 420, 430, 433, 52, 181, 441, 187, 325, 329, 462, 83, 343, 215, 217, 222, 353, 482, 234, 495, 115}
best_rider_2_centroid best_rider_2_obj best_rider_2_radius best_rider_2_act_1 best_rider_2_act_2 best_rider_2_act_3 best_rider_2_area
16 29665.105423971458 5165.105423971458 68.89498464153573 151.03330327920943 0.0 49 0.0
rider 6 = {257, 263, 272, 25, 410, 421, 47, 184, 58, 61, 318, 68, 326, 206, 340, 486, 106, 492, 494, 367, 252, 124, 126}
best_rider_2_centroid best_rider_2_obj best_rider_2_radius best_rider_2_act_1 best_rider_2_act_2 best_rider_2_act_3 best_rider_2_area
421 20968.95834480103 3968.9583448010303 64.78088801680518 155.71992810103467 0.0 34 0.0
rider 7 = {134, 17, 286, 159, 35, 42, 44, 182, 188, 447, 448, 199, 88, 474, 352, 229, 489, 107, 499, 373, 374, 377, 383}
best_rider_2_centroid best_rider_2_obj best_rider_2_radius best_rider_2_act_1 best_rider_2_act_2 best_rider_2_act_3 best_rider_2_area
159 21011.378924113294 4511.3789241132945 66.97758791407195 151.56308647299682 0.0 33 0.0
rider 8 = {384, 10, 280, 295, 41, 298, 43, 436, 56, 443, 327, 200, 466, 347, 348, 93, 479, 97, 99, 103, 360, 487, 235, 245, 248}
best_rider_2_centroid best_rider_2_obj best_rider_2_radius best_rider_2_act_1 best_rider_2_act_2 best_rider_2_act_3 best_rider_2_area
348 23584.083900241618 4584.083900241618 68.32761380171671 161.94553053658305 0.0 38 0.0
rider 9 = {1, 259, 8, 274, 276, 22, 278, 28, 426, 177, 178, 312, 57, 71, 328, 209, 210, 493, 237, 241, 247, 249, 253}
best_rider_2_centroid best_rider_2_obj best_rider_2_radius best_rider_2_act_1 best_rider_2_act_2 best_rider_2_act_3 best_rider_2_area
253 21541.65125073486 4541.651250734859 65.69578069070191 154.51719252509386 0.0 34 0.0
rider 10 = {130, 136, 140, 402, 405, 153, 285, 288, 290, 169, 302, 176, 54, 59, 336, 341, 342, 214, 102, 240, 369, 496, 376}
best_rider_2_centroid best_rider_2_obj best_rider_2_radius best_rider_2_act_1 best_rider_2_act_2 best_rider_2_act_3 best_rider_2_area
341 20543.914276736694 4043.9142767366957 66.06109224283139 150.02166128503166 0.0 33 0.0
rider 11 = {256, 11, 13, 162, 37, 293, 39, 172, 175, 444, 189, 320, 323, 459, 332, 76, 78, 80, 467, 354, 231, 363, 113, 250}
best_rider_2_centroid best_rider_2_obj best_rider_2_radius best_rider_2_act_1 best_rider_2_act_2 best_rider_2_act_3 best_rider_2_area
39 23678.414045977137 5154.733525957854 61.68455334058493 163.52995511764615 0.0 35 0.0
rider 12 = {3, 133, 262, 388, 141, 150, 411, 34, 292, 38, 308, 53, 186, 445, 195, 69, 198, 475, 478, 351, 481, 223, 355, 490, 372}
best_rider_2_centroid best_rider_2_obj best_rider_2_radius best_rider_2_act_1 best_rider_2_act_2 best_rider_2_act_3 best_rider_2_area
53 22271.42566961954 4271.425669619542 62.71725719800063 152.47216794638265 0.0 36 0.0
rider 13 = {146, 148, 154, 284, 415, 45, 432, 307, 180, 437, 55, 185, 315, 60, 194, 67, 451, 453, 464, 344, 221, 94, 224, 228, 362, 109, 112, 123}
best_rider_2_centroid best_rider_2_obj best_rider_2_radius best_rider_2_act_1 best_rider_2_act_2 best_rider_2_act_3 best_rider_2_area
55 26875.28555083576 5375.285550835759 68.18569085240219 148.3207484451512 0.0 43 0.0
rider 14 = {128, 267, 397, 15, 273, 147, 20, 21, 151, 152, 30, 173, 50, 440, 190, 191, 192, 452, 70, 334, 86, 219, 480, 232, 120, 379}
best_rider_2_centroid best_rider_2_obj best_rider_2_radius best_rider_2_act_1 best_rider_2_act_2 best_rider_2_act_3 best_rider_2_area
334 21835.148515531786 4335.148515531787 67.64796046243464 156.81002022352698 0.0 35 0.0
rider 15 = {261, 392, 417, 164, 165, 168, 297, 304, 305, 49, 435, 449, 324, 73, 335, 463, 81, 85, 95, 483, 101, 233, 114, 116, 118, 125}
best_rider_2_centroid best_rider_2_obj best_rider_2_radius best_rider_2_act_1 best_rider_2_act_2 best_rider_2_act_3 best_rider_2_area
483 22853.88411491841 5353.884114918411 66.98774081429879 155.67692253885554 0.0 35 0.0
rider 16 = {138, 142, 398, 281, 282, 33, 46, 431, 174, 319, 321, 63, 454, 458, 204, 207, 208, 338, 82, 90, 220, 226, 100, 251, 255}
best_rider_2_centroid best_rider_2_obj best_rider_2_radius best_rider_2_act_1 best_rider_2_act_2 best_rider_2_act_3 best_rider_2_area
282 22578.957303358773 4578.957303358771 67.89940411329263 150.5458230758305 0.0 36 0.0
rider 17 = {389, 391, 268, 144, 31, 291, 36, 317, 197, 72, 202, 203, 339, 470, 473, 356, 484, 359, 358, 105, 366, 117, 121}
best_rider_2_centroid best_rider_2_obj best_rider_2_radius best_rider_2_act_1 best_rider_2_act_2 best_rider_2_act_3 best_rider_2_area
197 21430.985485088895 3930.9854850888937 62.81853878499136 149.49528381727532 0.0 35 0.0
rider 18 = {129, 264, 137, 266, 139, 12, 269, 395, 399, 279, 408, 407, 40, 306, 183, 313, 201, 331, 461, 216, 98, 239, 243, 254, 381, 382}
best_rider_2_centroid best_rider_2_obj best_rider_2_radius best_rider_2_act_1 best_rider_2_act_2 best_rider_2_act_3 best_rider_2_area
266 25141.277015355947 4141.277015355949 63.78441824410416 156.4195867732054 0.0 42 0.0
rider 19 = {270, 143, 400, 406, 157, 287, 32, 161, 166, 171, 300, 301, 303, 179, 439, 322, 457, 468, 346, 91, 96, 488, 108, 365, 110, 378}
best_rider_2_centroid best_rider_2_obj best_rider_2_radius best_rider_2_act_1 best_rider_2_act_2 best_rider_2_act_3 best_rider_2_area
488 26564.794139850626 5064.794139850626 65.0698481177251 162.8278371588263 0.0 43 0.0
obj time iter vio 
733709.4930475911 0 0 271569.63296580967
728562.2975951215 0 1 268551.3625063499
719030.413382195 0 2 259608.55524140334
714358.8242312177 0 3 248285.62814382496
702119.7410088575 0 4 237397.8056063254
699414.977158937 0 5 234845.95553721327
698443.1841751528 1 6 234167.55104904482
680916.5329632416 1 7 224426.67990040226
667980.190541067 1 8 211159.9834244073
666630.5923402809 2 9 211064.74814931786
664615.0476172061 2 10 208999.32989356492
657014.4098139867 2 11 197650.2856436421
656128.1257603384 2 12 197507.1769166755
655446.8690394161 2 13 194178.92954770915
651430.2321041892 3 14 189597.97246582172
649242.0147014608 3 15 186187.77820824258
649133.5512342948 3 16 186223.28746560158
642820.4033732092 4 17 180560.38279407122
637428.6120751103 4 18 177557.75167260415
636720.324614022 5 19 177557.75167260415
631208.0458598429 5 20 171999.6372766298
630674.1999603367 6 21 170168.92909857357
622857.0147068228 6 22 159017.0787810931
611632.3197085983 7 23 147347.86271423008
609925.9403198179 7 24 145616.41618417905
609608.3778968056 8 25 151435.19492103625
607078.298604623 8 26 153627.5465859763
605408.4390697909 8 27 150068.83438541522
598229.9008090871 8 28 140152.8658738692
597864.1617833903 9 29 139618.62900719538
592128.4034684579 9 30 132154.8536558938
589689.0138246061 9 31 129812.6070343771
580209.9549042064 9 32 114807.91424336947
577727.7962883599 9 33 112344.76764354877
577457.6022747739 9 34 112164.63227830546
574480.0891890314 9 35 109908.13800841056
574475.3453444068 9 36 109933.77840351006
574417.5627021388 10 37 109933.77840351006
574378.7525831218 10 38 106457.26295245791
574025.4871367646 11 39 106022.80472768651
571002.4061188893 11 40 104261.70505969856
563950.4818445927 11 41 99118.002054973
561433.6261930375 11 42 98004.82331885216
546710.7508051373 12 43 81407.17843606365
544133.5997065583 12 44 80766.29785768755
541204.6579625813 12 45 77798.0065270949
539862.1910508412 12 46 76621.60304048582
539182.6859655664 12 47 75559.43577599563
537413.5630694565 12 48 73894.48187061156
537387.1307835532 12 49 73894.48187061156
536971.6704446353 12 50 73435.6017244796
535194.1412454491 12 51 72982.65598412609
534833.4648014089 13 52 73253.54924031219
533534.6341614045 13 53 72743.21430264133
533480.4842424627 13 54 72696.83044420517
531614.315889211 13 55 70256.4298770126
530879.7698381542 13 56 69376.92013924717
528055.8056392034 14 57 66530.18545646072
523646.66587965767 14 58 62825.73132575677
521292.5349705903 14 59 60419.99684338931
520027.402492576 14 60 57974.441496515225
515651.1384209942 14 61 53579.882973256754
515142.33152439847 14 62 53558.655062328064
514901.9387193048 14 63 58306.91563927076
514354.2563995397 14 64 57696.002096368786
511067.4164428435 14 65 50947.115013581875
508526.24633991165 15 66 48868.53702128544
506518.7779273822 15 67 46939.78749415534
506003.5407503207 15 68 45613.03731006238
505383.72353203554 15 69 43985.106747414735
504507.8118163645 15 70 41294.14169392513
501886.8756397015 16 71 39897.06042897395
501430.1273977352 22 72 39442.95635846894
499873.6461199467 22 73 38362.84682746402
499234.4165412832 23 74 37751.53325163893
497302.7153297767 23 75 35356.8581472143
495879.70834852115 23 76 34474.67823711179
495374.8085441309 24 77 27884.196198558857
492874.71517538646 24 78 25341.729274854108
492810.30312488123 25 79 25494.69259490433
491030.95719214337 26 80 23741.860957653415
490878.15057077154 27 81 23620.914736702078
490700.93000843795 27 82 24905.77499039002
490302.6915296763 31 83 20698.58561931084
490270.23820421624 31 84 20698.58561931084
488731.96295162546 32 85 18825.621348173423
486163.9052537123 32 86 16310.532961201683
485914.622539954 34 87 15577.605581286432
484908.0033749183 35 88 15669.479172410502
484793.06028387975 35 89 15669.479172410502
483038.21743417 35 90 11653.99577841404
483012.9198817454 35 91 11609.805328671291
482862.5350658189 91 92 11490.395987676984
482798.04084655043 103 93 11490.395987676986
482681.3299561593 121 94 11337.432667626785
482643.72098182247 121 95 11337.432667626792
482579.04710603144 122 96 11337.432667626792
482441.46163981996 135 97 11173.017642063369
482423.4915278597 141 98 11183.282928422428
482362.50566512166 142 99 11183.282928422428
481875.2600590332 169 100 10648.831955727997
481287.2138507378 243 101 10648.831955727997
480920.2125545563 243 102 9771.731655755075
480716.1969953743 244 103 9556.776712711093
480705.35212886997 244 104 9556.776712711093
480650.90181868256 245 105 9556.776712711093
479166.7624206082 245 106 9556.776712711093
479023.8041619769 247 107 9556.776712711093
478144.6807822697 248 108 7705.90852520405
478113.90311191016 263 109 8120.651011144569
477058.55949971225 264 110 6701.280730042826
476930.233274223 265 111 6713.845668537314
476470.6416899616 287 112 6793.806142655251
475253.2612164389 287 113 5089.701844386414
475250.3315029281 288 114 4421.474419437287
475221.3923270465 289 115 4208.9070453038985
475136.0169032807 290 116 4128.946571185912
474357.2739614347 408 117 2945.907339649926
473833.95687350485 412 118 2945.907339649926
472918.7817435557 779 119 2223.5933365183223
472512.34740628523 781 120 2223.5933365183223
471644.90390150767 903 121 1998.5433412011512
471586.89975268097 1154 122 1998.5433412011512
471235.37479919265 1369 123 2687.1539626059603
470980.2514579601 1374 124 2474.549574802845
470957.5952905612 1401 125 2474.549574802845
470865.4644551343 1679 126 2478.93627406298
470619.12906586943 1685 127 2775.4580214702028
470556.38495902094 1690 128 2775.4580214702028
470299.5005370004 2269 129 2557.1541544558713
470240.8742693839 2470 130 2557.1541544558427
470182.25106477237 2471 131 2552.7674551956798
470143.0974544121 2703 132 2525.5235461272227
469861.44396677834 2703 133 1742.3393494605052
469654.0689653514 2934 134 1742.3393494605339
469561.4589992497 3163 135 1742.3393494605052
469364.5155908953 3744 136 1742.3393494605339
