instance_name algorithm_name iter_idx best_objective running_time
DU500-P20-0 local_search 8 470727.49433080945 0.354149
nb_riders nb_polygons
20 500
rider 0 = {1, 257, 387, 6, 394, 274, 275, 413, 165, 176, 305, 434, 308, 57, 327, 460, 462, 337, 478, 479, 249, 234, 371, 372, 377, 380}
best_rider_2_centroid best_rider_2_obj best_rider_2_radius best_rider_2_act_1 best_rider_2_act_2 best_rider_2_act_3 best_rider_2_area
6 27981.70176350529 4481.701763505293 68.74237133672395 162.93650520698242 0.0 47 0.0
rider 1 = {130, 258, 386, 393, 266, 141, 22, 155, 286, 418, 51, 309, 181, 311, 313, 189, 341, 473, 231, 104, 490, 363, 364, 119}
best_rider_2_centroid best_rider_2_obj best_rider_2_radius best_rider_2_act_1 best_rider_2_act_2 best_rider_2_act_3 best_rider_2_area
341 22892.442797878142 4392.442797878141 68.33823309950495 158.52843462268245 0.0 37 0.0
rider 2 = {260, 133, 263, 401, 24, 287, 174, 302, 175, 307, 180, 438, 55, 447, 457, 211, 219, 349, 477, 351, 481, 356, 357, 107, 493, 115, 244, 254}
best_rider_2_centroid best_rider_2_obj best_rider_2_radius best_rider_2_act_1 best_rider_2_act_2 best_rider_2_act_3 best_rider_2_area
287 29494.509917183495 5494.509917183496 68.14336858563522 154.51939383671964 0.0 48 0.0
rider 3 = {139, 145, 27, 29, 414, 53, 437, 183, 56, 446, 191, 329, 330, 203, 467, 84, 217, 97, 226, 482, 487, 488, 242, 245, 122, 125}
best_rider_2_centroid best_rider_2_obj best_rider_2_radius best_rider_2_act_1 best_rider_2_act_2 best_rider_2_act_3 best_rider_2_area
53 23782.875670078836 4282.875670078834 62.867737308610685 150.42593622663406 0.0 39 0.0
rider 4 = {134, 146, 409, 39, 427, 429, 319, 71, 199, 74, 75, 76, 333, 207, 339, 214, 89, 88, 106, 236, 110, 111, 113}
best_rider_2_centroid best_rider_2_obj best_rider_2_radius best_rider_2_act_1 best_rider_2_act_2 best_rider_2_act_3 best_rider_2_area
39 19680.223344427373 4180.223344427375 66.40401159023577 156.55961556664792 0.0 31 0.0
rider 5 = {0, 396, 397, 270, 279, 283, 415, 38, 171, 300, 172, 303, 433, 441, 186, 70, 85, 218, 354, 100, 103, 491}
best_rider_2_centroid best_rider_2_obj best_rider_2_radius best_rider_2_act_1 best_rider_2_act_2 best_rider_2_act_3 best_rider_2_area
38 22866.674409385723 3866.6744093857246 64.45831132558122 152.19343170346252 0.0 38 0.0
rider 6 = {385, 129, 259, 3, 8, 147, 276, 281, 285, 416, 422, 48, 178, 179, 62, 320, 321, 68, 206, 468, 471, 94, 360, 247, 123, 253}
best_rider_2_centroid best_rider_2_obj best_rider_2_radius best_rider_2_act_1 best_rider_2_act_2 best_rider_2_act_3 best_rider_2_area
94 24216.700068781854 4636.462503727276 62.3229746049716 155.99250686923773 0.0 39 0.0
rider 7 = {128, 5, 261, 137, 140, 400, 149, 411, 159, 31, 292, 170, 426, 52, 182, 310, 439, 188, 61, 332, 224, 237, 366, 241, 498, 255}
best_rider_2_centroid best_rider_2_obj best_rider_2_radius best_rider_2_act_1 best_rider_2_act_2 best_rider_2_act_3 best_rider_2_area
411 24379.472736795287 4879.4727367952855 64.59503557895987 155.54553526760782 0.0 39 0.0
rider 8 = {28, 30, 32, 40, 430, 304, 49, 435, 54, 185, 444, 200, 458, 459, 465, 466, 87, 480, 99, 484, 492, 365, 239, 367, 120}
best_rider_2_centroid best_rider_2_obj best_rider_2_radius best_rider_2_act_1 best_rider_2_act_2 best_rider_2_act_3 best_rider_2_area
87 22606.462389180757 5106.462389180759 67.7298993296657 156.26943579138126 0.0 35 0.0
rider 9 = {10, 267, 11, 142, 15, 150, 407, 157, 417, 290, 33, 43, 431, 312, 448, 450, 328, 93, 358, 230, 486, 251, 124, 383}
best_rider_2_centroid best_rider_2_obj best_rider_2_radius best_rider_2_act_1 best_rider_2_act_2 best_rider_2_act_3 best_rider_2_area
10 20792.172591363204 4292.1725913632035 66.43639308852063 148.2639663120444 0.0 33 0.0
rider 10 = {131, 136, 143, 399, 277, 405, 408, 153, 410, 23, 293, 169, 301, 173, 432, 177, 50, 440, 187, 60, 322, 454, 464, 355, 228, 369}
best_rider_2_centroid best_rider_2_obj best_rider_2_radius best_rider_2_act_1 best_rider_2_act_2 best_rider_2_act_3 best_rider_2_area
277 25174.211499423458 4674.211499423456 63.67933217763304 156.1426184209548 0.0 41 0.0
rider 11 = {256, 2, 4, 388, 391, 135, 9, 284, 161, 162, 36, 306, 443, 317, 463, 338, 470, 342, 92, 352, 483, 233, 373, 376}
best_rider_2_centroid best_rider_2_obj best_rider_2_radius best_rider_2_act_1 best_rider_2_act_2 best_rider_2_act_3 best_rider_2_area
9 23423.93583919126 4423.93583919126 65.64809450292395 151.4005441458918 0.0 38 0.0
rider 12 = {269, 398, 18, 26, 34, 423, 424, 297, 298, 436, 314, 198, 72, 210, 472, 345, 346, 91, 474, 229, 101, 235, 118, 382}
best_rider_2_centroid best_rider_2_obj best_rider_2_radius best_rider_2_act_1 best_rider_2_act_2 best_rider_2_act_3 best_rider_2_area
269 22759.833742267107 4759.833742267106 66.40675698413125 149.3640101038763 0.0 36 0.0
rider 13 = {384, 262, 7, 392, 16, 278, 154, 156, 184, 59, 316, 318, 65, 194, 195, 451, 204, 215, 220, 225, 368, 499, 246, 248, 126}
best_rider_2_centroid best_rider_2_obj best_rider_2_radius best_rider_2_act_1 best_rider_2_act_2 best_rider_2_act_3 best_rider_2_area
16 23026.984788103986 4526.984788103985 62.49517730905185 161.50772064325406 0.0 37 0.0
rider 14 = {273, 404, 21, 151, 412, 291, 425, 46, 58, 193, 197, 461, 334, 78, 213, 469, 86, 475, 102, 494, 496, 243, 117, 127}
best_rider_2_centroid best_rider_2_obj best_rider_2_radius best_rider_2_act_1 best_rider_2_act_2 best_rider_2_act_3 best_rider_2_area
425 21159.72449872666 3659.7244987266595 67.00176030779927 147.8149155813765 0.0 35 0.0
rider 15 = {390, 138, 271, 282, 164, 168, 47, 324, 325, 456, 73, 331, 335, 81, 83, 223, 227, 485, 240, 497, 116, 374, 375, 379}
best_rider_2_centroid best_rider_2_obj best_rider_2_radius best_rider_2_act_1 best_rider_2_act_2 best_rider_2_act_3 best_rider_2_area
390 22513.132054509857 5013.132054509858 68.09132643275302 160.9897654097385 0.0 35 0.0
rider 16 = {12, 272, 402, 148, 158, 160, 167, 190, 63, 64, 67, 452, 453, 208, 209, 82, 343, 90, 221, 232, 361, 105, 109, 495, 378}
best_rider_2_centroid best_rider_2_obj best_rider_2_radius best_rider_2_act_1 best_rider_2_act_2 best_rider_2_act_3 best_rider_2_area
158 20705.95987788695 4205.4942142362315 62.40274650637546 159.80718048025804 0.0 33 0.0
rider 17 = {389, 265, 268, 13, 14, 144, 280, 25, 152, 35, 420, 421, 45, 315, 192, 326, 455, 201, 202, 340, 212, 347, 359, 362, 121, 250}
best_rider_2_centroid best_rider_2_obj best_rider_2_radius best_rider_2_act_1 best_rider_2_act_2 best_rider_2_act_3 best_rider_2_area
326 25560.3096596443 5048.144306669393 62.87655561153674 163.23709878004303 0.0 41 0.0
rider 18 = {264, 395, 403, 20, 288, 289, 37, 295, 42, 299, 449, 77, 79, 80, 344, 216, 348, 222, 95, 350, 353, 98, 489, 112, 114}
best_rider_2_centroid best_rider_2_obj best_rider_2_radius best_rider_2_act_1 best_rider_2_act_2 best_rider_2_act_3 best_rider_2_area
20 23362.45708763719 4539.46148685169 69.2949669466039 148.14333123317093 0.0 37 0.0
rider 19 = {132, 17, 19, 406, 419, 163, 166, 294, 296, 41, 44, 428, 442, 445, 66, 323, 196, 69, 205, 336, 476, 96, 108, 238, 370, 252, 381}
best_rider_2_centroid best_rider_2_obj best_rider_2_radius best_rider_2_act_1 best_rider_2_act_2 best_rider_2_act_3 best_rider_2_area
66 24347.70959483881 5847.709594838809 65.81678253122783 159.40440478980665 0.0 37 0.0
obj time iter vio 
643464.2295102943 0 0 187500.284774106
635906.4651121752 0 1 183772.88686612557
630573.8354160265 0 2 180357.41769421607
612368.3902726407 0 3 162922.9800039831
610960.5148048269 0 4 161478.58661216314
601686.825880055 1 5 152255.61504388135
600742.473093829 1 6 152956.56727607126
600328.2582558267 1 7 152956.56727607126
595339.6755690102 1 8 150246.726263479
591630.8169049281 1 9 150246.726263479
590361.6347465108 1 10 150246.726263479
580562.1332328264 1 11 140317.85152899232
569782.8156413187 1 12 129429.2032031051
569460.9978835026 1 13 125386.51120750868
562886.2395768056 2 14 114742.9800709809
557803.8550330838 2 15 113271.05407111935
554241.6022946705 2 16 101827.63534953233
553332.354451559 2 17 106330.8011813233
553143.1039135229 2 18 106330.8011813233
546977.0879562984 2 19 100553.60968959755
542202.2684866509 2 20 95237.84104110506
541643.5819090371 3 21 95237.84104110506
535640.3444540368 3 22 92347.08605423178
534552.9722265917 4 23 91157.55495492188
534459.7290278148 4 24 91157.55495492188
532515.7586601891 4 25 90957.70258905231
529648.6762865208 5 26 91613.52328118267
525792.1740087422 5 27 87536.5489956717
516067.3856551171 5 28 75884.2233440686
515654.2744973354 6 29 75035.90053318936
515191.62430697825 6 30 74025.55647151593
513293.58824106754 6 31 71828.93723894923
513186.4110087958 76 32 71765.00350846416
512961.82793152385 76 33 67095.91688089975
512951.30573672947 78 34 67095.91688089975
511460.8900096575 78 35 68990.21479914768
511342.72036949085 80 36 67002.10233420457
510922.8527815308 82 37 66315.08576456303
509937.92468360084 85 38 64587.16308762629
509861.9747968607 86 39 64495.900826692494
507266.89952650166 88 40 54965.798058183806
505026.1289310038 107 41 53111.71441852658
504973.9457992583 108 42 53111.71441852658
503469.97903722 109 43 51144.17497342981
503126.88195285376 153 44 50704.18794273502
502732.1374829522 158 45 51223.42242408077
501599.7675769222 161 46 50642.60650740976
501065.5598541002 173 47 50054.165087782894
500763.4266080238 232 48 52530.274276589116
497117.27097014507 233 49 46562.014489004214
496235.4013127689 236 50 45237.48687587881
496229.6069004547 242 51 45237.48687587881
495649.98163186427 248 52 44668.928039783365
495468.4643353492 314 53 44483.80316154826
495460.7394831455 320 54 45005.891470343275
495425.8390490827 340 55 45005.891470343275
494143.67158069945 461 56 42754.13971257334
493277.2129654479 497 57 29881.21529186331
490028.95969771565 1276 58 24036.864227577775
489552.01687269623 1278 59 22488.064020730988
488437.04666929133 1299 60 21355.10386904117
488161.9711718704 1317 61 21355.10386904117
487730.4930959831 1335 62 16929.310008692628
485049.5501012511 1684 63 14106.787574884913
483198.3974966188 1686 64 11310.119473003699
481229.7282371787 1688 65 9405.07494084272
480697.92865879426 1725 66 9520.8575187931
480273.25748166477 1747 67 9405.07494084272
479827.5759116683 1829 68 9403.402635180522
479413.76527773665 1830 69 9002.05370796025
479016.6091728801 1848 70 9102.159708089808
478811.00841112883 1853 71 9491.469914147598
478461.17645933473 1858 72 8568.106980456989
478431.70775337145 1863 73 8440.05651998045
478237.9305116192 1878 74 7768.08060366978
478103.1278070183 2021 75 7611.1162212542085
477642.61496368825 2133 76 7123.936661801364
477160.8922663004 2133 77 6851.365992176864
476192.0368018257 2134 78 6198.314129115489
476085.364283933 2135 79 4472.827626629682
475751.81269684003 2135 80 4304.832791005229
474545.2242779485 2136 81 2694.6235207832615
474506.35094744846 2137 82 2694.6235207832615
474390.25330144656 2258 83 3135.855398208073
473741.8759804279 2379 84 3033.648270593976
472610.27692420065 2507 85 1933.7098838415736
472569.9392455963 2643 86 1944.4749119740559
472554.4941575582 2645 87 1944.4749119740559
472547.2322194816 2778 88 1944.4749119740559
472315.88533343654 3050 89 998.2692727672923
471581.2079554789 3185 90 335.1609537604081
471558.0415761336 3588 91 335.1609537604081
471185.0424414781 3594 92 415.8641824657052
470938.365923841 3596 93 518.0713100798023
470727.49433080945 3989 94 415.8641824657052
