instance_name algorithm_name iter_idx best_objective running_time
DU500-P20-0 local_search 3 474951.0945619871 0.307663
nb_riders nb_polygons
20 500
rider 0 = {392, 138, 155, 156, 414, 163, 425, 172, 437, 445, 190, 327, 458, 202, 211, 340, 213, 341, 217, 481, 226, 233, 250, 237, 371, 378, 253}
best_rider_2_centroid best_rider_2_obj best_rider_2_radius best_rider_2_act_1 best_rider_2_act_2 best_rider_2_act_3 best_rider_2_area
327 29089.848372621025 5089.848372621023 67.84678094253 157.23430143845894 0.0 48 0.0
rider 1 = {128, 388, 139, 22, 407, 410, 27, 286, 419, 436, 312, 449, 70, 77, 88, 473, 474, 483, 364, 115, 121, 382, 383}
best_rider_2_centroid best_rider_2_obj best_rider_2_radius best_rider_2_act_1 best_rider_2_act_2 best_rider_2_act_3 best_rider_2_area
388 21168.75101990957 4168.751019909572 68.77350683097815 150.2784209981818 0.0 34 0.0
rider 2 = {256, 259, 267, 401, 275, 19, 277, 25, 416, 39, 296, 300, 434, 308, 440, 442, 315, 195, 69, 338, 210, 218, 91, 235, 124, 125}
best_rider_2_centroid best_rider_2_obj best_rider_2_radius best_rider_2_act_1 best_rider_2_act_2 best_rider_2_act_3 best_rider_2_area
308 25230.341071970946 4230.341071970946 63.452160043530796 154.48306357832269 0.0 42 0.0
rider 3 = {270, 145, 280, 281, 37, 303, 55, 183, 314, 328, 201, 330, 203, 204, 462, 464, 336, 467, 216, 351, 227, 103, 490, 122}
best_rider_2_centroid best_rider_2_obj best_rider_2_radius best_rider_2_act_1 best_rider_2_act_2 best_rider_2_act_3 best_rider_2_area
55 24955.46548544689 4455.465485446888 66.02175406498029 160.47985107008802 0.0 41 0.0
rider 4 = {384, 385, 389, 263, 140, 399, 274, 427, 46, 181, 448, 326, 75, 76, 93, 349, 352, 228, 108, 109, 240, 245, 119, 127}
best_rider_2_centroid best_rider_2_obj best_rider_2_radius best_rider_2_act_1 best_rider_2_act_2 best_rider_2_act_3 best_rider_2_area
127 23260.57369983673 4760.57369983673 65.72322422108509 150.47888380038307 0.0 37 0.0
rider 5 = {3, 132, 404, 408, 31, 32, 289, 34, 36, 423, 169, 433, 187, 188, 455, 459, 332, 206, 79, 337, 470, 472, 89, 96, 491, 494, 116, 379}
best_rider_2_centroid best_rider_2_obj best_rider_2_radius best_rider_2_act_1 best_rider_2_act_2 best_rider_2_act_3 best_rider_2_area
491 25362.60818917454 5362.60818917454 68.81495309948401 153.0040524422888 0.0 40 0.0
rider 6 = {130, 133, 137, 402, 150, 417, 424, 48, 306, 178, 435, 56, 58, 318, 319, 320, 62, 66, 73, 222, 479, 358, 361, 363, 492, 238, 377, 126}
best_rider_2_centroid best_rider_2_obj best_rider_2_radius best_rider_2_act_1 best_rider_2_act_2 best_rider_2_act_3 best_rider_2_area
66 25479.956907658918 4979.956907658918 66.75953304842493 160.17832446294503 0.0 41 0.0
rider 7 = {17, 149, 278, 421, 167, 176, 51, 309, 182, 441, 61, 63, 192, 322, 74, 342, 478, 229, 236, 368, 374, 120}
best_rider_2_centroid best_rider_2_obj best_rider_2_radius best_rider_2_act_1 best_rider_2_act_2 best_rider_2_act_3 best_rider_2_area
51 18028.399734130347 3947.5398798572087 62.32235231575304 161.5140150567933 0.0 28 0.0
rider 8 = {7, 395, 269, 152, 282, 283, 284, 30, 40, 54, 57, 321, 452, 461, 466, 87, 94, 480, 485, 486, 102, 123, 111, 246, 376, 251}
best_rider_2_centroid best_rider_2_obj best_rider_2_radius best_rider_2_act_1 best_rider_2_act_2 best_rider_2_act_3 best_rider_2_area
269 21471.104432740496 3971.104432740497 65.172494501503 151.1468985998053 0.0 35 0.0
rider 9 = {136, 266, 397, 271, 400, 15, 18, 23, 153, 159, 415, 33, 35, 420, 164, 52, 189, 450, 67, 457, 469, 347, 476, 219, 350, 369}
best_rider_2_centroid best_rider_2_obj best_rider_2_radius best_rider_2_act_1 best_rider_2_act_2 best_rider_2_act_3 best_rider_2_area
159 22999.725979369756 4999.725979369755 67.78090538420146 156.03945055253772 0.0 36 0.0
rider 10 = {131, 14, 21, 405, 26, 292, 297, 298, 299, 42, 45, 174, 439, 59, 64, 193, 324, 456, 463, 468, 475, 220, 99}
best_rider_2_centroid best_rider_2_obj best_rider_2_radius best_rider_2_act_1 best_rider_2_act_2 best_rider_2_act_3 best_rider_2_area
45 27051.93852639197 4629.428003807261 55.98070164744147 157.84100025344242 0.0 32 0.0
rider 11 = {390, 9, 147, 276, 406, 412, 287, 161, 165, 177, 175, 316, 317, 199, 72, 329, 212, 84, 215, 345, 92, 348, 484, 100, 107, 365, 499, 254}
best_rider_2_centroid best_rider_2_obj best_rider_2_radius best_rider_2_act_1 best_rider_2_act_2 best_rider_2_act_3 best_rider_2_area
390 28880.00021789238 5880.000217892378 67.36816326160992 150.79143097807838 0.0 46 0.0
rider 12 = {391, 10, 16, 144, 411, 160, 418, 290, 168, 426, 43, 301, 302, 47, 307, 438, 443, 191, 198, 353, 241, 242, 373, 118}
best_rider_2_centroid best_rider_2_obj best_rider_2_radius best_rider_2_act_1 best_rider_2_act_2 best_rider_2_act_3 best_rider_2_area
10 23699.83545159474 4699.83545159474 67.64258950641933 156.05578808090294 0.0 38 0.0
rider 13 = {386, 6, 11, 273, 146, 409, 154, 166, 295, 44, 60, 194, 200, 209, 346, 224, 482, 360, 112, 370, 498, 244, 375, 380}
best_rider_2_centroid best_rider_2_obj best_rider_2_radius best_rider_2_act_1 best_rider_2_act_2 best_rider_2_act_3 best_rider_2_area
6 22217.647208186063 4717.647208186065 66.43740298470544 152.96753942521042 0.0 35 0.0
rider 14 = {258, 262, 135, 394, 142, 398, 143, 403, 151, 304, 446, 65, 454, 71, 460, 205, 214, 86, 221, 477, 223, 98, 356, 231, 366, 114, 243, 248}
best_rider_2_centroid best_rider_2_obj best_rider_2_radius best_rider_2_act_1 best_rider_2_act_2 best_rider_2_act_3 best_rider_2_area
446 27854.371596977235 4854.371596977235 62.526995813431874 154.92688366633823 0.0 46 0.0
rider 15 = {8, 265, 279, 285, 157, 158, 41, 49, 305, 180, 323, 197, 325, 333, 335, 81, 83, 343, 95, 355, 230, 105, 493, 110, 255}
best_rider_2_centroid best_rider_2_obj best_rider_2_radius best_rider_2_act_1 best_rider_2_act_2 best_rider_2_act_3 best_rider_2_area
333 24072.355028241374 4690.343544439189 70.85398282962059 154.47825801614866 0.0 35 0.0
rider 16 = {0, 257, 393, 141, 20, 413, 422, 173, 430, 447, 331, 78, 208, 465, 82, 339, 471, 344, 90, 225, 97, 101, 234, 497}
best_rider_2_centroid best_rider_2_obj best_rider_2_radius best_rider_2_act_1 best_rider_2_act_2 best_rider_2_act_3 best_rider_2_area
234 21882.338754585086 4811.928809348037 62.33280222478913 160.56983224721532 0.0 34 0.0
rider 17 = {5, 134, 396, 268, 272, 148, 293, 294, 432, 50, 53, 311, 444, 207, 80, 354, 359, 232, 106, 495, 239, 367, 381}
best_rider_2_centroid best_rider_2_obj best_rider_2_radius best_rider_2_act_1 best_rider_2_act_2 best_rider_2_act_3 best_rider_2_area
381 22344.903853853124 4844.903853853126 66.77761248878716 148.36725599487096 0.0 35 0.0
rider 18 = {2, 264, 13, 28, 29, 288, 291, 428, 429, 431, 179, 313, 186, 196, 453, 85, 104, 496, 113, 372, 117, 247, 249}
best_rider_2_centroid best_rider_2_obj best_rider_2_radius best_rider_2_act_1 best_rider_2_act_2 best_rider_2_act_3 best_rider_2_area
313 20338.250282894565 4338.250282894566 65.31810020737402 162.14901684131758 0.0 32 0.0
rider 19 = {129, 1, 387, 4, 260, 261, 12, 24, 162, 38, 170, 171, 310, 184, 185, 451, 68, 334, 357, 487, 488, 489, 362, 252}
best_rider_2_centroid best_rider_2_obj best_rider_2_radius best_rider_2_act_1 best_rider_2_act_2 best_rider_2_act_3 best_rider_2_area
334 19562.67874851143 4062.6787485114305 65.84581974179619 156.0620834884413 0.0 31 0.0
obj time iter vio 
665968.8799674037 0 0 217360.70836061862
658677.2270273464 1 1 208320.82337269653
653408.7134818683 1 2 199225.70607952413
651455.3784086823 1 3 198299.5166415915
646191.1813042148 2 4 194129.358859674
646140.6406398559 3 5 195859.17300320877
638864.4638369684 5 6 186120.02228867527
635715.449633096 6 7 183361.8990019133
631258.3853408999 6 8 182835.01393884295
630253.1571101551 6 9 181652.6413467649
629747.9416765573 7 10 181291.99569720845
629216.6433162284 8 11 181400.08726901683
621295.658804033 10 12 172656.75140933102
620763.1122937121 10 13 172656.75140933102
616039.7513516982 11 14 168377.57404803933
615220.4865232583 11 15 167155.17725694965
613046.5976343892 12 16 169112.43802432818
607983.1382829564 13 17 163019.8650459448
601713.9031274226 14 18 147449.46034480867
575287.1730344683 14 19 118806.58919019056
571545.735883651 15 20 118640.75714872402
571075.0850839503 15 21 118182.541926627
570729.9837145297 16 22 116576.34153225832
570714.1494749243 17 23 116576.34153225832
564408.2382002495 17 24 107162.39867273002
556417.0656576604 18 25 94836.55540861236
554796.6869103395 18 26 93656.47112542235
554148.3783214487 19 27 93656.47112542234
553698.5062262076 19 28 90243.42560935624
548390.652397102 20 29 84477.54667385588
547053.3714731759 21 30 83083.97477194245
544408.985345223 21 31 80234.17196654466
543954.646806978 22 32 79764.871911838
543909.7250090523 23 33 80067.68359946333
530185.7762807871 24 34 66583.48672320522
529571.1467045586 25 35 65967.72625655573
528957.6382236584 25 36 63693.780781243826
525865.376303973 26 37 60356.341329632254
522352.5154628829 28 38 56360.44396163005
521211.940505157 28 39 55301.04217937526
520983.2090646724 28 40 55079.831337656724
519583.77938127023 31 41 53758.76039249503
518262.94433714886 32 42 52519.07821626921
517786.92666981905 34 43 52536.28963458114
517419.7399242131 35 44 52130.4127680224
516855.6860578383 41 45 51595.08023632008
513327.1237096732 42 46 48036.368035759035
512896.3168919189 43 47 47528.84266325817
511512.3187901621 46 48 46163.50424287162
510440.97039116325 77 49 46163.50424287165
510358.14576844213 89 50 46173.77501337983
509374.1895026199 90 51 45180.905913219074
506907.0856932445 94 52 42747.02080241283
505650.37478432484 95 53 41469.020788277776
504262.2692817263 104 54 39543.67668662537
504099.15469093336 107 55 39543.67668662534
501228.24055339344 111 56 36750.6589884804
496131.7953937087 697 57 30694.36460732741
495765.3505299806 708 58 30460.199883633133
494019.1231372901 715 59 29188.222113534495
493258.7702321854 1561 60 31670.533715986676
492953.4905768263 1561 61 29711.8560907273
492719.69501892995 1562 62 37206.56389817315
492634.2805958388 1563 63 33860.889238085794
492576.5134372546 1565 64 33860.8892380858
492233.25379135314 1567 65 33083.496565416965
491609.799115078 1567 66 32379.937223131798
491387.8350042421 1568 67 32155.05218197664
491245.9271162132 1569 68 31360.285972124424
489963.85881672613 1682 69 29242.580723590094
489785.3342680326 1963 70 29096.831612231297
488159.6315137868 2095 71 27437.15432146859
486357.3342756691 2097 72 25650.26946395487
486312.62544331356 2104 73 25650.26946395487
485763.57122629316 2107 74 25650.269463954908
485757.42057102785 2110 75 20820.47536564218
483777.5653414971 2196 76 19375.755026559702
483776.934020743 2197 77 19375.755026559702
483697.55980771483 2206 78 19375.755026559702
483585.8018006202 2493 79 19375.755026559673
483074.2923890017 2495 80 18875.73331512779
482908.7974110463 2501 81 18597.63941931168
482827.82229034667 2784 82 18601.939645304006
480804.4504111339 2790 83 15463.270585246042
480646.72983080853 2795 84 15386.661219393636
480600.8424643293 2796 85 15386.661219393663
480600.3187581197 2799 86 15386.661219393663
480272.5841247084 2814 87 15467.521073666805
480231.10421998275 2816 88 15467.521073666805
479131.91547821055 3127 89 15467.521073666778
478466.91313828854 3135 90 14489.28698671271
478339.06810859364 3205 91 14348.893477466649
478274.6695066691 3206 92 14348.893477466649
478225.571635802 3208 93 14344.593251474322
475380.19700138684 3209 94 11047.85512249467
475329.24591732916 3213 95 11047.85512249467
475310.3943630765 3505 96 10538.457788361742
474951.0945619871 3793 97 8455.79180589708
