- Finished, results:
Instance: "L1-DU500-P50-0"
Replications: 29
Num. feasible: 0
Time: 3600.002
Balance: 55.28 (avg: 56.50, sdev: 0.60, max: 57.78)
Diameter: 478.85 (avg: 354.93, sdev: 97.93, min: 215.54, max: 566.23), ttb: 1800.735, times reached: 1
P-center: 394.62 (avg: 283.10, sdev: 92.34, min: 151.30, max: 514.85), ttb: 1800.735, times reached: 1
P-median: 15578.51 (avg: 15225.53, sdev: 343.47, min: 14282.48, max: 15674.98), ttb: 1800.735, times reached: 1
Seed: 122603316
Execution hash: 868111

- Statistics: 
num.alt - sum: 0, occ.: 29, avg.: 0, min.: 0, max.: 2.22507e-308
time.bal - sum: 3260.23, occ.: 29, avg.: 112.422, min.: 1.5542e-05, max.: 129.534
bs.steps - sum: 392, occ.: 29, avg.: 13.5172, min.: 0, max.: 14
time.cmp - sum: 327.915, occ.: 29, avg.: 11.3074, min.: 3.27856, max.: 27.1017
time.cns - sum: 11.7789, occ.: 1450, avg.: 0.0081234, min.: 0.00747925, max.: 0.0435796

==============================
| Timed blocks:              |
| improve_bal: 3260.23       |
| bal.shifts: 1505.81        |
| get_shift_cmp_inc: 682.192 |
| improve_cmp: 327.915       |
| bal_cost_shift: 85.06      |
| dis_bfs: 0.00371878        |
==============================

summary_line instance=L1-DU500-P50-0 n=500 p=50 obj=pmed t=3600 t_bal=3260.23 t_cmp=327.915 t_cns=11.7789 bal=55.2812 diam=478.847 pcen=394.619 pmed=15578.5 avg_diam=354.928 avg_pcen=283.098 avg_pmed=15225.5 avg_cons_cmp=15225.5 ttb_diam=1800.74 ttb_pcen=1800.74 ttb_pmed=1800.74 count_diam=1 count_pcen=1 count_pmed=1 iter=29 num_feas=0 alt=0 bs_steps=392 shifts=280017 swaps=0 pcen_case_1=0 pcen_case_2=0 pcen_case_3=0 seed=122603316 hash=996839595806868111 


Best solution:
5 36 39 12 10 2 3 2 5 37 41 19 17 26 15 16 29 36 19 31 32 43 6 0 34 26 42 0 48 27 12 44 36 46 32 11 5 28 48 1 40 23 16 32 0 41 13 23 14 43 48 8 28 4 8 24 29 44 5 45 16 34 18 40 22 13 32 7 22 35 42 2 20 2 45 21 47 12 44 41 41 48 49 10 33 21 6 39 10 47 6 33 21 41 16 24 1 43 22 10 23 18 5 27 31 11 19 43 15 21 36 37 12 9 49 3 19 24 17 10 33 44 38 37 42 2 17 42 5 13 46 4 5 39 35 5 6 14 20 24 41 28 25 4 36 10 17 35 30 6 24 4 10 23 36 45 30 0 7 1 24 21 32 1 38 20 42 24 38 3 28 29 30 25 0 8 42 23 44 33 36 31 31 48 20 12 15 21 7 47 17 28 8 31 20 7 46 26 25 45 14 32 14 40 39 46 14 36 15 44 36 1 2 3 12 3 33 12 43 5 49 47 47 14 9 46 7 49 22 40 27 36 7 30 9 8 34 20 7 31 41 26 22 17 38 1 3 27 13 18 29 18 2 7 25 7 11 9 11 29 6 6 22 32 18 25 40 40 49 22 8 43 8 13 11 26 3 25 9 33 35 45 23 7 31 21 1 18 38 47 25 42 43 13 37 40 37 26 7 34 22 12 4 3 18 32 46 22 6 29 27 21 6 46 21 14 12 45 42 42 5 1 15 24 6 37 15 14 20 30 46 49 45 8 24 0 48 2 33 16 33 4 18 30 39 25 14 0 36 15 30 42 2 19 31 43 16 38 37 17 31 0 28 48 49 49 38 27 20 44 26 35 1 48 46 5 37 27 44 48 32 14 4 26 8 39 29 34 46 45 9 38 34 10 28 22 30 30 29 11 4 9 32 37 35 34 20 17 14 41 4 10 1 35 16 42 8 47 39 47 8 47 47 11 35 18 33 46 13 11 21 44 19 9 41 37 41 20 15 49 11 27 23 16 19 14 3 7 15 16 32 35 28 38 17 25 3 45 9 1 18 11 19 19 48 23 13 29 28 27 43 33 26 49 18 2 40 38 34 9 3 44 28 4 29 39 23 39 36 14 37 0 30 25 42 33 34 40 6 34 
P-median centers:
491 39 5 446 400 128 261 447 333 458 119 256 214 428 346 208 60 359 264 444 328 109 64 465 95 254 197 310 191 56 156 181 380 338 299 147 231 490 366 204 63 10 318 218 78 332 313 189 50 82