instance_name algorithm_name iter_idx best_objective violate_value
L1-DU500-P10-T0.05 Ritt_result 0 53313.253573080045 0
nb_riders nb_polygons
10 500
rider 0 = {1, 257, 388, 392, 398, 146, 152, 155, 159, 287, 289, 164, 421, 296, 42, 46, 47, 49, 305, 180, 57, 441, 187, 188, 65, 68, 196, 454, 457, 330, 332, 77, 465, 84, 85, 471, 474, 91, 220, 476, 478, 353, 486, 359, 495, 247, 124}
best_rider_2_centroid best_rider_2_obj best_rider_2_radius best_rider_2_act_1 best_rider_2_act_2 best_rider_2_act_3 best_rider_2_area
421 2551.5073735819497 2551.5073735819497 134.511132189238 337.78568057797327 0.0 0 0.0
rider 1 = {130, 3, 258, 389, 9, 394, 267, 145, 407, 153, 31, 32, 34, 294, 427, 174, 178, 306, 436, 54, 182, 184, 312, 440, 443, 61, 190, 318, 321, 69, 79, 207, 208, 82, 464, 86, 219, 350, 96, 227, 102, 362, 490, 113, 369, 121, 127}
best_rider_2_centroid best_rider_2_obj best_rider_2_radius best_rider_2_act_1 best_rider_2_act_2 best_rider_2_act_3 best_rider_2_area
121 2673.664991626159 2673.664991626159 139.58365920486509 334.8248681525275 0.0 0 0.0
rider 2 = {259, 5, 136, 15, 144, 17, 405, 24, 411, 412, 30, 286, 416, 163, 165, 167, 423, 424, 44, 428, 429, 310, 316, 189, 447, 193, 451, 72, 328, 75, 76, 336, 468, 214, 88, 375, 99, 100, 101, 104, 105, 234, 360, 364, 366, 112, 242, 379, 119, 123}
best_rider_2_centroid best_rider_2_obj best_rider_2_radius best_rider_2_act_1 best_rider_2_act_2 best_rider_2_act_3 best_rider_2_area
336 2933.1754425179934 2933.1754425179934 138.44710113148759 327.664442228896 0.0 0 0.0
rider 3 = {386, 393, 139, 13, 270, 402, 276, 149, 404, 25, 285, 291, 419, 38, 422, 169, 300, 301, 430, 303, 51, 185, 442, 444, 317, 449, 194, 67, 195, 70, 71, 200, 326, 327, 203, 456, 460, 209, 83, 212, 340, 215, 216, 217, 90, 344, 473, 221, 97, 98, 485, 371, 118, 246}
best_rider_2_centroid best_rider_2_obj best_rider_2_radius best_rider_2_act_1 best_rider_2_act_2 best_rider_2_act_3 best_rider_2_area
456 3815.073027660174 3815.073027660174 134.78016523945232 340.84370340281913 0.0 0 0.0
rider 4 = {129, 385, 260, 262, 7, 265, 399, 272, 21, 278, 23, 280, 28, 157, 33, 293, 166, 168, 171, 175, 176, 438, 55, 313, 64, 198, 199, 329, 204, 463, 80, 338, 211, 380, 218, 224, 352, 107, 491, 237, 110, 244, 376, 252, 254, 383}
best_rider_2_centroid best_rider_2_obj best_rider_2_radius best_rider_2_act_1 best_rider_2_act_2 best_rider_2_act_3 best_rider_2_area
168 2585.1689989475103 2585.1689989475103 135.23405979110325 332.9457298083469 0.0 0 0.0
rider 5 = {0, 384, 8, 264, 395, 140, 269, 14, 142, 16, 396, 147, 20, 403, 22, 283, 158, 415, 417, 420, 425, 179, 307, 53, 59, 315, 63, 319, 201, 458, 331, 459, 333, 339, 467, 470, 346, 94, 223, 480, 230, 358, 232, 492, 365, 368, 496, 115, 125}
best_rider_2_centroid best_rider_2_obj best_rider_2_radius best_rider_2_act_1 best_rider_2_act_2 best_rider_2_act_3 best_rider_2_area
403 3029.067518665234 3029.067518665234 135.3656930728064 338.7416555846898 0.0 0 0.0
rider 6 = {4, 133, 138, 141, 271, 277, 151, 408, 26, 156, 413, 414, 160, 161, 288, 418, 292, 297, 170, 299, 432, 309, 437, 56, 186, 191, 450, 452, 73, 461, 206, 334, 466, 89, 481, 226, 354, 229, 103, 231, 488, 106, 494, 239, 241, 114, 370, 372, 373, 497, 377, 378, 251, 382}
best_rider_2_centroid best_rider_2_obj best_rider_2_radius best_rider_2_act_1 best_rider_2_act_2 best_rider_2_act_3 best_rider_2_area
373 4700.7029633248985 4700.7029633248985 134.7435576177676 334.1156260008827 0.0 0 0.0
rider 7 = {256, 387, 6, 135, 263, 12, 268, 397, 143, 273, 274, 148, 150, 409, 284, 162, 35, 290, 39, 295, 43, 302, 48, 433, 434, 445, 62, 455, 205, 337, 469, 343, 345, 92, 93, 348, 349, 477, 225, 482, 355, 484, 357, 487, 236, 238, 240, 498, 243, 249, 250}
best_rider_2_centroid best_rider_2_obj best_rider_2_radius best_rider_2_act_1 best_rider_2_act_2 best_rider_2_act_3 best_rider_2_area
268 3433.107298367244 3433.107298367244 138.04543367434545 328.0060730282299 0.0 0 0.0
rider 8 = {128, 132, 261, 134, 11, 400, 401, 18, 275, 279, 154, 282, 410, 29, 36, 40, 172, 45, 431, 435, 183, 311, 439, 60, 446, 320, 324, 197, 325, 453, 74, 202, 335, 213, 475, 479, 356, 361, 489, 235, 108, 109, 363, 111, 367, 493, 116, 117, 122, 253, 255}
best_rider_2_centroid best_rider_2_obj best_rider_2_radius best_rider_2_act_1 best_rider_2_act_2 best_rider_2_act_3 best_rider_2_area
40 4416.975195112802 4416.975195112802 139.5953775484649 333.9394923605941 0.0 0 0.0
rider 9 = {2, 131, 390, 391, 137, 10, 266, 19, 406, 281, 27, 37, 41, 298, 426, 173, 304, 177, 50, 52, 181, 308, 58, 314, 192, 448, 66, 322, 323, 78, 462, 81, 210, 341, 342, 87, 472, 347, 222, 95, 248, 351, 483, 228, 233, 499, 245, 374, 120, 381, 126}
best_rider_2_centroid best_rider_2_obj best_rider_2_radius best_rider_2_act_1 best_rider_2_act_2 best_rider_2_act_3 best_rider_2_area
341 3174.810763276082 3174.810763276082 139.46882716231212 325.6591340847084 0.0 0 0.0
