- Finished, results:
Instance: "L1-DU500-P20-0"
Replications: 46
Num. feasible: 0
Time: 3600.003
Balance: 20.97 (avg: 21.47, sdev: 0.17, max: 21.86)
Diameter: 553.12 (avg: 412.65, sdev: 75.61, min: 269.27, max: 603.61), ttb: 2247.067, times reached: 1
P-center: 410.57 (avg: 287.08, sdev: 79.48, min: 150.55, max: 487.76), ttb: 2247.067, times reached: 1
P-median: 23287.30 (avg: 23535.54, sdev: 534.93, min: 22413.29, max: 24254.76), ttb: 2247.067, times reached: 1
Seed: 3639197624
Execution hash: 399899

- Statistics: 
num.alt - sum: 0, occ.: 46, avg.: 0, min.: 0, max.: 2.22507e-308
time.bal - sum: 3380.4, occ.: 46, avg.: 73.487, min.: 15.0105, max.: 91.3548
bs.steps - sum: 678, occ.: 46, avg.: 14.7391, min.: 3, max.: 15
time.cmp - sum: 212.966, occ.: 46, avg.: 4.62969, min.: 4.26093, max.: 5.67359
time.cns - sum: 6.59913, occ.: 920, avg.: 0.00717296, min.: 0.00660129, max.: 0.0346204

==============================
| Timed blocks:              |
| improve_bal: 3380.4        |
| bal.shifts: 1118.29        |
| get_shift_cmp_inc: 549.338 |
| improve_cmp: 212.966       |
| bal_cost_shift: 104.476    |
| dis_bfs: 0.00708237        |
==============================

summary_line instance=L1-DU500-P20-0 n=500 p=20 obj=pmed t=3600 t_bal=3380.4 t_cmp=212.966 t_cns=6.59913 bal=20.9749 diam=553.116 pcen=410.565 pmed=23287.3 avg_diam=412.646 avg_pcen=287.084 avg_pmed=23535.5 avg_cons_cmp=23535.5 ttb_diam=2247.07 ttb_pcen=2247.07 ttb_pmed=2247.07 count_diam=1 count_pcen=1 count_pmed=1 iter=46 num_feas=0 alt=0 bs_steps=678 shifts=420132 swaps=0 pcen_case_1=0 pcen_case_2=0 pcen_case_3=0 seed=3639197624 hash=9020991226879399899 


Best solution:
5 2 14 7 8 2 4 17 13 8 4 6 18 3 15 7 18 11 12 5 4 10 10 10 5 16 2 16 15 6 17 1 1 19 18 14 5 11 13 16 11 6 5 14 12 18 19 15 5 1 2 4 18 18 18 4 11 18 19 17 5 19 5 2 6 4 12 17 10 0 14 3 0 3 0 2 1 10 19 18 16 7 12 11 16 14 2 4 0 19 10 15 15 15 4 6 3 2 9 3 3 7 8 9 19 13 6 10 1 13 1 2 1 10 9 16 17 7 17 15 14 19 9 7 17 8 15 4 13 8 3 0 10 10 11 16 19 1 1 14 3 2 10 6 6 16 9 14 12 12 11 16 9 8 8 9 17 11 4 14 6 11 8 3 15 14 0 14 12 10 11 17 5 3 14 15 6 9 11 0 6 5 19 10 5 9 14 14 4 19 12 7 8 2 6 8 2 19 14 16 9 0 6 19 18 18 5 10 16 11 5 2 14 4 7 12 1 7 0 16 8 18 9 13 6 0 18 3 12 8 7 3 2 15 18 15 5 9 1 15 16 7 6 13 10 10 9 6 7 9 19 15 19 4 12 12 7 15 0 1 0 16 14 6 8 8 8 8 16 8 3 11 17 7 5 16 12 10 18 1 16 13 13 1 7 17 13 10 12 18 19 18 16 3 14 17 12 14 16 5 4 19 1 12 17 12 10 7 18 6 1 15 9 4 9 2 16 7 10 11 16 4 6 17 5 6 8 13 1 15 10 9 1 13 8 7 15 2 2 9 17 13 17 15 0 15 17 10 4 10 2 10 2 9 16 2 19 3 12 12 10 8 18 7 4 5 4 11 0 5 7 2 12 15 15 16 17 5 12 7 1 8 8 19 2 11 15 8 4 18 4 13 12 0 0 9 17 13 17 16 3 7 19 11 4 5 17 0 10 19 16 4 2 9 8 14 13 13 2 1 15 19 2 11 12 18 17 0 1 5 3 11 7 13 18 11 11 0 0 14 10 6 1 4 1 19 4 2 3 7 9 0 11 10 11 6 7 19 6 3 6 13 11 0 3 5 0 13 9 17 14 11 10 5 0 15 18 11 12 13 16 0 13 13 18 14 18 9 13 3 6 4 3 15 5 17 18 7 6 2 
P-median centers:
69 216 447 489 390 184 498 432 382 339 440 423 359 433 70 175 240 156 434 58 