instance_name algorithm_name iter_idx best_objective running_time
DU200-P8-0 local_search 7 17414.22693870794 0.14239
nb_riders nb_polygons
8 200
rider 0 = {135, 8, 24, 155, 33, 169, 171, 43, 181, 183, 186, 58, 65, 67, 72, 73, 81, 86, 89, 102, 103, 108, 110, 112, 124, 125}
best_rider_2_centroid best_rider_2_obj best_rider_2_radius best_rider_2_act_1 best_rider_2_act_2 best_rider_2_act_3 best_rider_2_area
110 2302.045321941433 2302.045321941433 66.46062439325523 173.61503733167277 0.0 0.0
rider 1 = {128, 2, 4, 138, 140, 19, 26, 27, 157, 163, 170, 172, 45, 177, 51, 53, 55, 190, 70, 199, 76, 88, 96, 104, 114, 118, 123}
best_rider_2_centroid best_rider_2_obj best_rider_2_radius best_rider_2_act_1 best_rider_2_act_2 best_rider_2_act_3 best_rider_2_area
4 2187.6374138633737 2187.6374138633737 61.33112383148564 171.7039764189044 0.0 0.0
rider 2 = {132, 133, 131, 11, 12, 139, 17, 15, 149, 153, 158, 173, 182, 59, 66, 194, 74, 92, 93, 100, 107, 113, 120, 121, 122, 126}
best_rider_2_centroid best_rider_2_obj best_rider_2_radius best_rider_2_act_1 best_rider_2_act_2 best_rider_2_act_3 best_rider_2_area
122 2721.192606318472 2721.192606318472 61.528000288304646 169.14656560881542 0.0 0.0
rider 3 = {0, 3, 143, 16, 147, 146, 150, 28, 162, 161, 164, 37, 32, 39, 44, 174, 49, 50, 191, 196, 83, 84, 116, 115}
best_rider_2_centroid best_rider_2_obj best_rider_2_radius best_rider_2_act_1 best_rider_2_act_2 best_rider_2_act_3 best_rider_2_area
28 2574.0087800411375 2574.0087800411375 61.69187124680668 174.71035319390117 0.0 0.0
rider 4 = {129, 6, 7, 136, 14, 142, 144, 148, 29, 34, 166, 40, 41, 46, 185, 187, 60, 61, 195, 87, 91, 94, 95, 98, 117}
best_rider_2_centroid best_rider_2_obj best_rider_2_radius best_rider_2_act_1 best_rider_2_act_2 best_rider_2_act_3 best_rider_2_area
7 2268.5212280470673 2268.5212280470673 62.46004477696648 162.761254972452 0.0 0.0
rider 5 = {1, 10, 22, 152, 35, 167, 168, 47, 175, 52, 184, 57, 189, 63, 192, 69, 71, 78, 79, 82, 85}
best_rider_2_centroid best_rider_2_obj best_rider_2_radius best_rider_2_act_1 best_rider_2_act_2 best_rider_2_act_3 best_rider_2_area
35 1209.6143539105353 1209.6143539105353 61.985111031987536 161.52053662975288 0.0 0.0
rider 6 = {130, 5, 9, 18, 20, 151, 154, 31, 160, 159, 36, 38, 48, 176, 180, 54, 188, 193, 68, 90, 97, 101, 106, 109, 119, 127}
best_rider_2_centroid best_rider_2_obj best_rider_2_radius best_rider_2_act_1 best_rider_2_act_2 best_rider_2_act_3 best_rider_2_area
18 2172.473131268284 2172.473131268284 65.35954121330833 174.65686229652013 0.0 0.0
rider 7 = {134, 137, 145, 141, 13, 21, 23, 25, 156, 30, 165, 42, 179, 178, 56, 62, 64, 197, 198, 75, 77, 80, 99, 105, 111}
best_rider_2_centroid best_rider_2_obj best_rider_2_radius best_rider_2_act_1 best_rider_2_act_2 best_rider_2_act_3 best_rider_2_area
134 1978.7341033176356 1978.7341033176356 66.51465264577233 168.22236907297338 0.0 0.0
obj time iter vio 
64407.095800828414 0 0 20038.45748795854
61562.149082856966 0 1 19685.807733558097
54829.872513123286 0 2 15302.77349395996
52394.34033764098 0 3 15361.222255232931
51838.742208128846 0 4 15002.67324130948
50968.915501978634 0 5 16732.71608800837
50959.62272004637 0 6 16732.716088008397
49019.88263139831 1 7 14654.779459202698
48305.833817634346 3 8 13975.57775331942
46924.06421780837 6 9 11109.103557358845
44584.04178980715 6 10 7416.271535622963
43713.8195443499 6 11 5934.57201440789
43614.48590940857 6 12 5934.57201440789
43532.60926104925 9 13 5934.572014407875
42980.974456294585 9 14 5243.26787418186
42765.57765786663 12 15 4972.311444602337
42655.505387285724 12 16 4972.311444602337
42589.629901984445 12 17 4500.505419980764
41599.4225023053 12 18 4085.1363386668554
39221.42448207816 13 19 1155.6496785870406
38315.62241763364 13 20 129.86812318098507
38159.86537471493 13 21 0
38122.3922725599 18 22 0
38038.85339248955 23 23 0
37989.73162367422 30 24 0
37977.112993563416 58 25 0
37945.74249883106 58 26 0
37918.54863216437 58 27 0
37833.03499571295 58 28 0
37715.722822567535 61 29 0
37620.94043324261 67 30 0
37572.13547003213 70 31 0
37438.07682666599 70 32 0
37421.289772731936 70 33 0
37379.223724071286 73 34 0
37335.83237957461 73 35 0
37190.98066551677 84 36 0
36934.52187744367 89 37 0
36922.84030040801 89 38 0
36918.10910459677 94 39 0
36879.206982074094 94 40 0
36781.35247051755 97 41 0
36730.92719871068 104 42 0
36728.765389482156 111 43 0
36674.44641908241 111 44 0
36671.29438251819 114 45 0
36525.80766881048 132 46 0
36507.98567280921 132 47 0
36454.09672146017 135 48 0
36444.51571487554 150 49 0
36427.24839321263 151 50 0
36313.71650475424 151 51 0
36283.79756955823 160 52 0
36258.38911210202 171 53 0
36198.87648089549 177 54 0
36173.76068079874 177 55 0
36157.6302047763 192 56 0
36018.41835911957 198 57 0
35909.237717173986 204 58 0
35846.402113089745 204 59 0
35800.92183270688 204 60 0
35799.27675306429 204 61 0
35780.161280948836 204 62 0
35773.1175941272 207 63 0
35615.853680183325 207 64 0
35609.00038335826 207 65 0
35535.18736034886 215 66 0
35493.990338201955 222 67 0
35438.43907810071 223 68 0
35416.99822679591 225 69 0
35341.83238527729 226 70 0
35325.61483107101 226 71 0
35302.54038144353 229 72 0
35013.37148313127 231 73 0
34973.506893103666 234 74 0
34906.93049381944 234 75 0
34836.41647076073 239 76 0
34836.4016402063 249 77 0
34834.72963398852 250 78 0
34733.05155277498 254 79 0
34700.422818459774 257 80 0
34587.00621498334 257 81 0
34549.44208774952 259 82 0
34546.28936344481 267 83 0
34480.10170018642 288 84 0
34406.92610416611 289 85 0
34343.568496530985 289 86 0
34283.66961226323 294 87 0
34256.540403727195 296 88 0
34232.43060727624 307 89 0
34106.79609053455 307 90 0
34057.72436578493 307 91 0
33999.68367793098 315 92 0
33898.50207709707 315 93 0
33698.8881831398 325 94 0
33653.093718559925 328 95 0
33518.53796916102 346 96 0
33439.049794874445 346 97 0
33399.61650314816 349 98 0
33327.109055902176 349 99 0
33321.57800872954 349 100 0
33223.07768413774 352 101 0
33194.66841845007 357 102 0
33146.19373974898 364 103 0
33099.7290060774 371 104 0
33069.35847911886 371 105 0
32980.335248550335 374 106 0
32972.04713464306 377 107 0
32907.5647947307 379 108 0
32836.6378388095 380 109 0
32757.668487241604 385 110 0
32753.25687483754 385 111 0
32686.302000726188 388 112 0
32647.118554955592 395 113 0
32619.2789043962 398 114 0
32564.62275425847 398 115 0
32528.173424137723 401 116 0
32456.76844456339 401 117 0
32344.086989853484 406 118 0
32219.385339838653 411 119 0
32180.882758062704 415 120 0
32040.49215181157 421 121 0
31850.97836524053 426 122 0
31751.95046429908 429 123 0
31600.141383870912 429 124 0
31480.590193260083 436 125 0
31404.072450364416 446 126 0
31393.948146321607 454 127 0
31364.114500091047 459 128 0
31336.32191420778 462 129 0
31320.34255093683 462 130 0
31153.554889760264 465 131 0
31110.736367450743 465 132 0
31100.872463871652 468 133 0
31066.97124390904 468 134 0
31027.220779942552 468 135 0
30896.3188002956 485 136 0
30882.598259999075 485 137 0
30882.32812766145 485 138 0
30733.357594222223 488 139 0
30714.3399619781 488 140 0
30595.755191168293 488 141 0
30536.72549292452 488 142 0
30533.380750767126 489 143 0
30529.661681457426 489 144 0
30523.38190041108 489 145 0
30492.190562628464 491 146 0
30381.338966257503 492 147 0
30303.262815387374 500 148 0
30022.79716681431 500 149 0
29909.238580704518 500 150 0
29719.850126836547 501 151 0
29676.356773871663 504 152 0
29554.95969434402 504 153 0
29468.093573105827 504 154 0
29313.743392008288 504 155 0
29297.397953727286 505 156 0
29273.42993510314 507 157 0
29069.71023161083 512 158 0
28963.997315452903 512 159 0
28960.147786209694 513 160 0
28850.93035561791 528 161 0
28593.134491119912 535 162 0
28559.754985699354 537 163 0
28363.301454003587 556 164 0
28296.07124340514 557 165 0
28097.937830304065 559 166 0
28041.14863259338 559 167 0
27937.28668066541 560 168 0
27931.783070096626 560 169 0
27743.37246018733 561 170 0
27630.063150761718 568 171 0
27570.947486310648 573 172 0
27504.25282118457 581 173 0
27416.775578387635 591 174 0
27164.007322076854 591 175 0
27156.266562247063 592 176 0
27102.227161904342 592 177 0
27046.934557693672 603 178 0
26991.28118357185 603 179 0
26889.542147357566 606 180 0
26885.621864991732 617 181 0
26768.29832544267 622 182 0
26751.528930797376 623 183 0
26676.179605019053 624 184 0
26531.13755504216 628 185 0
26214.863321832836 629 186 0
26094.995616510594 640 187 0
26041.94291563685 641 188 0
25955.301380452074 641 189 0
25919.575526254263 644 190 0
25899.03525497089 647 191 0
25713.123044419794 650 192 0
25676.160848905456 664 193 0
25601.2354204259 679 194 0
25583.285703637874 682 195 0
25564.79307373282 682 196 0
25475.530336985892 690 197 0
25392.851542273696 690 198 0
25385.98947741132 691 199 0
25267.433338038052 691 200 0
25253.546395842775 691 201 0
25050.63035467613 692 202 0
25034.689622551676 698 203 0
25033.652931192923 698 204 0
25027.894726320814 699 205 0
24995.60050749435 704 206 0
24965.441425577847 710 207 0
24789.915461863326 713 208 0
24773.42679421047 743 209 0
24764.18390472408 753 210 0
24726.383537617712 758 211 0
24563.7955499102 761 212 0
24561.109725568178 770 213 0
24527.94707213917 784 214 0
24498.604438491817 784 215 0
24346.72997632431 804 216 0
24276.534824723843 807 217 0
24143.218996164724 815 218 0
24016.395028767347 818 219 0
23971.048277479185 821 220 0
23968.056916623173 821 221 0
23850.324357494712 838 222 0
23835.100197523 838 223 0
23775.114054434645 844 224 0
23769.4344609458 849 225 0
23674.317923889088 860 226 0
23634.70431348913 865 227 0
23633.968094629323 868 228 0
23620.253720078916 868 229 0
23618.43737294885 871 230 0
23569.891298826435 871 231 0
23556.071940340993 871 232 0
23554.947784322685 871 233 0
23524.476497699947 872 234 0
23432.189364484893 872 235 0
23334.527552221738 873 236 0
23333.35657408858 878 237 0
23268.31135352001 878 238 0
23251.549905960215 886 239 0
23188.116158602577 891 240 0
23176.98908837104 904 241 0
23017.500914312455 909 242 0
22991.81942247609 942 243 0
22863.52019012995 948 244 0
22857.82100364723 1021 245 0
22780.916010553574 1025 246 0
22587.838465147834 1079 247 0
22577.49926863446 1087 248 0
22574.99721471556 1097 249 0
22553.139104465914 1099 250 0
22517.21903110916 1117 251 0
22515.537631809606 1125 252 0
22513.267227042936 1137 253 0
22313.020435531285 1158 254 0
22250.394901202697 1163 255 0
22179.932582378795 1171 256 0
22172.77797558203 1177 257 0
22128.13610534527 1188 258 0
22036.244319210717 1199 259 0
21981.074441534805 1202 260 0
21849.57463318549 1204 261 0
21772.776134107644 1227 262 0
21635.5586597526 1227 263 0
21599.222011671114 1236 264 0
21579.425419391224 1253 265 0
21557.05880561421 1254 266 0
21540.38698296561 1255 267 0
21432.393650710677 1277 268 0
21414.92285203692 1283 269 0
21298.82310513481 1286 270 0
21238.467267866727 1291 271 0
21103.561468695094 1304 272 0
21100.263053829905 1306 273 0
21079.252173835102 1321 274 0
20992.619146666882 1334 275 0
20746.535127126517 1336 276 0
20661.20681777951 1345 277 0
20628.582966809954 1367 278 0
20622.812930785047 1418 279 0
20599.668639941767 1424 280 0
20585.713758558206 1433 281 0
20583.64288391895 1477 282 0
20555.53570527 1488 283 0
20408.483955474094 1491 284 0
20387.408882652337 1500 285 0
20383.363419243527 1504 286 0
20365.927898216345 1504 287 0
20359.62913991122 1507 288 0
20222.999688113425 1509 289 0
20169.55401827696 1515 290 0
20038.342180709362 1518 291 0
19958.409979454496 1522 292 0
19852.203830081755 1522 293 0
19817.931485786452 1529 294 0
19775.32762368617 1543 295 0
19724.26916480644 1604 296 0
19683.025762063164 1618 297 0
19672.361108332025 1832 298 0
19663.11084271897 2355 299 0
19585.43595183743 2357 300 0
19581.773691350252 2404 301 0
19573.67311289806 2457 302 0
19498.95315353711 2481 303 0
19384.523541401984 2508 304 0
19368.7946600622 2528 305 0
19341.59937855641 2530 306 0
19224.832989180395 2550 307 0
19212.803357979312 2562 308 0
19168.45797560331 2562 309 0
19123.158072888447 2581 310 0
19082.9796164759 2587 311 0
19052.37209361888 2616 312 0
18953.677643666186 2630 313 0
18890.13708303232 2634 314 0
18843.015680264725 2635 315 0
18719.360565063278 2645 316 0
18665.423795688428 2650 317 0
18555.31902198074 2656 318 0
18490.860595605885 2716 319 0
18454.285634512034 2731 320 0
18297.092875655097 2767 321 0
18172.14960146337 2774 322 0
18167.047684510646 2780 323 0
18146.672852371856 2791 324 0
18126.271397643206 2798 325 0
18072.37018744737 2803 326 0
18054.157193286774 2813 327 0
17962.23682163733 2813 328 0
17954.886991334817 2840 329 0
17885.812777265226 2861 330 0
17879.726741523176 2894 331 0
17825.563561521565 2896 332 0
17812.14466299569 2909 333 0
17750.89356056848 2940 334 0
17697.089817944772 3081 335 0
17683.42518851586 3121 336 0
17670.967884925045 3138 337 0
17666.55545884802 3141 338 0
17592.130624561138 3157 339 0
17586.417145044503 3182 340 0
17585.02893882301 3282 341 0
17504.75575514809 3291 342 0
17480.428934802152 3296 343 0
17474.872867111033 3304 344 0
17472.12268816241 3335 345 0
17469.63047192249 3350 346 0
17468.38253159687 3419 347 0
17464.07843409792 3519 348 0
17433.657804341092 3579 349 0
17415.83716461431 3582 350 0
17414.22693870794 3619 351 0
