instance_name algorithm_name iter_idx best_objective running_time
DU200-P4-0 local_search 2 19264.13918164109 0.951739
nb_riders nb_polygons
4 200
rider 0 = {2, 5, 7, 9, 10, 15, 16, 23, 26, 35, 36, 44, 52, 53, 54, 66, 68, 76, 83, 88, 89, 90, 101, 102, 104, 105, 112, 128, 133, 135, 139, 140, 141, 146, 147, 150, 151, 153, 156, 158, 161, 169, 180, 182, 183, 186, 187, 188, 195, 196, 197}
best_rider_2_centroid best_rider_2_obj best_rider_2_radius best_rider_2_act_1 best_rider_2_act_2 best_rider_2_act_3 best_rider_2_area
53 5100.0078101674635 5100.0078101674635 134.73560980373858 322.6558189227039 0.0 0.0
rider 1 = {4, 6, 13, 19, 21, 22, 34, 37, 38, 41, 46, 50, 55, 58, 59, 62, 64, 67, 81, 85, 87, 91, 92, 96, 98, 99, 100, 107, 109, 110, 111, 118, 120, 124, 129, 142, 143, 145, 148, 152, 157, 162, 163, 165, 166, 174, 177, 179, 190, 193, 198}
best_rider_2_centroid best_rider_2_obj best_rider_2_radius best_rider_2_act_1 best_rider_2_act_2 best_rider_2_act_3 best_rider_2_area
96 4836.049609083728 4836.049609083728 124.40680708875337 304.4947563709501 0.0 0.0
rider 2 = {0, 3, 11, 14, 17, 24, 27, 31, 32, 33, 39, 43, 45, 48, 49, 51, 56, 61, 63, 70, 72, 74, 77, 79, 86, 93, 97, 103, 108, 116, 121, 123, 126, 130, 132, 137, 138, 149, 159, 160, 167, 170, 171, 175, 176, 189, 191, 192, 194, 199}
best_rider_2_centroid best_rider_2_obj best_rider_2_radius best_rider_2_act_1 best_rider_2_act_2 best_rider_2_act_3 best_rider_2_area
176 3951.983107371928 3951.983107371928 133.40574251585247 327.7298676568164 0.0 0.0
rider 3 = {1, 8, 12, 18, 20, 28, 30, 29, 25, 40, 42, 47, 57, 60, 65, 75, 69, 78, 73, 80, 82, 84, 94, 95, 71, 106, 114, 115, 113, 117, 119, 122, 125, 127, 131, 134, 136, 144, 155, 154, 164, 168, 172, 173, 178, 185, 184, 181}
best_rider_2_centroid best_rider_2_obj best_rider_2_radius best_rider_2_act_1 best_rider_2_act_2 best_rider_2_act_3 best_rider_2_area
28 5376.098655017971 5376.098655017971 122.9419159915667 307.4719014869431 0.0 0.0
obj time iter vio 
96787.28709344048 0 0 54054.684548024146
88722.27863040785 0 1 47207.940427128706
87542.86258738433 0 2 42221.668936820526
85203.78876684766 0 3 39680.67082105089
80807.19238407444 0 4 35269.15986915683
78507.06968287734 0 5 33068.44111015327
77671.30113638667 0 6 32339.86485715767
62657.90539318099 0 7 23724.206830029096
56637.515416822454 0 8 17611.495239207165
55956.082023146446 0 9 16989.331623048904
52860.003926878184 0 10 13843.288290793686
51694.34383413411 0 11 12810.501448475043
49802.335743422576 1 12 10868.528121776562
49381.4341233579 1 13 10436.049431364821
49361.912754902376 1 14 10436.049431364821
49291.937324740786 1 15 10436.049431364821
49203.54448644156 1 16 10436.049431364821
47857.486384719115 2 17 9065.666184746156
47852.50778133408 2 18 9065.666184746156
47090.088524852945 2 19 8129.240826387523
47058.052220567595 2 20 8129.240826387523
46704.80488564846 2 21 9531.264281805405
46525.304522513004 2 22 7432.2501110117255
46494.21679605619 2 23 7432.2501110117255
46491.67431907101 2 24 7432.2501110117255
46372.29473639111 2 25 7432.2501110117255
46366.00546675344 2 26 7432.2501110117255
46308.47964880675 2 27 7432.2501110117255
44415.47588687019 2 28 7839.6999109850185
43880.87974729476 2 29 6611.388924538915
43855.34784814617 2 30 6611.388924538915
42955.86517179207 3 31 3997.1575365462045
40909.33720193689 3 32 1948.342942491614
38919.89292282748 4 33 0
38893.37832351608 6 34 0
38887.85661854212 6 35 0
38763.815752651586 6 36 0
38696.86556649023 8 37 0
38694.78806924539 9 38 0
38661.4504631688 9 39 0
38603.78455580841 9 40 0
38509.55451124672 10 41 0
38475.86395134078 11 42 0
38449.02099201715 12 43 0
38446.89975580274 12 44 0
38375.72832929882 12 45 0
38263.63120878862 12 46 0
38159.39083951655 12 47 0
38069.07137940645 12 48 0
38046.60354585797 12 49 0
37959.63422542152 12 50 0
37861.621952927504 15 51 0
37813.30982354378 15 52 0
37781.68178995291 15 53 0
37760.13927943771 16 54 0
37745.80846139661 16 55 0
37742.01400890242 16 56 0
37644.00173640842 16 57 0
37603.13038809867 17 58 0
37570.91982993566 17 59 0
37551.98970638192 17 60 0
37509.69433798704 18 61 0
37490.40947360198 18 62 0
37363.815885486256 18 63 0
37335.254107757086 18 64 0
37334.74010231253 18 65 0
37309.64959039581 18 66 0
37253.35787177614 18 67 0
37140.33097554097 20 68 0
37120.008720363316 20 69 0
37096.52507313588 21 70 0
37027.746674358394 22 71 0
37004.00726432469 22 72 0
36975.2085763202 23 73 0
36965.07827949264 25 74 0
36822.40868768089 25 75 0
36812.00204898197 25 76 0
36721.57805064468 25 77 0
36589.612584647824 27 78 0
36545.86512932859 28 79 0
36528.20729065253 28 80 0
36514.64132282649 29 81 0
36489.858131331726 29 82 0
36483.76893583848 30 83 0
36469.81165139687 30 84 0
36469.208536667014 32 85 0
36406.42101876243 32 86 0
36383.20828933394 33 87 0
36371.050298218615 33 88 0
36349.53463458213 33 89 0
36217.372563982775 33 90 0
36211.61271173421 34 91 0
36143.72384462108 34 92 0
36109.780563002685 35 93 0
35907.19125731978 35 94 0
35894.9726906535 36 95 0
35894.96578110386 37 96 0
35819.82344045071 37 97 0
35693.46405745635 37 98 0
35666.56167852133 38 99 0
35553.381194558606 38 100 0
35395.08322712578 39 101 0
35202.52927764688 39 102 0
35170.901244056 39 103 0
35092.08656880718 39 104 0
35007.28410470715 40 105 0
34920.70269350514 40 106 0
34918.69119016014 40 107 0
34890.74254655141 40 108 0
34830.235167966064 40 109 0
34800.20979544246 40 110 0
34780.36792741952 40 111 0
34742.40066182887 40 112 0
34661.267429127685 40 113 0
34456.52235298449 40 114 0
34399.007843919935 40 115 0
34398.33425398119 41 116 0
34362.39398473226 41 117 0
34264.74268108107 41 118 0
34215.70707299502 41 119 0
34206.25912282041 41 120 0
34185.258811354404 41 121 0
34138.599889959034 41 122 0
34137.018764116365 42 123 0
33996.00488133627 42 124 0
33990.43639885264 43 125 0
33909.88962149268 43 126 0
33679.846313166345 43 127 0
33626.14895902212 43 128 0
33615.18375070369 43 129 0
33492.51573637745 44 130 0
33460.09350217569 44 131 0
33424.368984892964 45 132 0
33413.71911099784 45 133 0
33393.36365270991 45 134 0
33373.56083278166 46 135 0
33296.99342665944 46 136 0
33255.8095133414 46 137 0
33210.238922953715 46 138 0
33172.11266067799 46 139 0
33112.7448523181 47 140 0
32994.9514794249 48 141 0
32875.76268861892 48 142 0
32835.90116233775 48 143 0
32738.298696128295 48 144 0
32682.227025763183 48 145 0
32653.263231183206 49 146 0
32615.966124781502 49 147 0
32457.337261477205 49 148 0
32429.422709519044 49 149 0
32362.627312875702 49 150 0
32200.059964097003 50 151 0
32194.04339930875 50 152 0
31960.656553783418 50 153 0
31905.242273014504 51 154 0
31901.245732995485 51 155 0
31777.020894272588 52 156 0
31755.613005884137 52 157 0
31729.71699650713 52 158 0
31704.32805599278 52 159 0
31605.662133485712 52 160 0
31561.816065368715 53 161 0
31528.666982047493 53 162 0
31524.9388202564 53 163 0
31487.220918575396 53 164 0
31480.317793675058 54 165 0
31459.52370708967 54 166 0
31406.567290885236 55 167 0
31366.724215309427 55 168 0
31346.34228875103 55 169 0
31321.090869511972 55 170 0
31305.04160674112 56 171 0
31229.195408254604 57 172 0
31129.350268439866 57 173 0
30995.911379609966 57 174 0
30989.08490115311 57 175 0
30935.809406059016 58 176 0
30932.182989840767 59 177 0
30870.1404129664 60 178 0
30865.35229484405 60 179 0
30801.662317846178 60 180 0
30791.422471403188 61 181 0
30774.096607815074 62 182 0
30635.249365774325 63 183 0
30633.040998546065 64 184 0
30548.523862434587 68 185 0
30501.635138824277 69 186 0
30407.078636819642 70 187 0
30390.168855097443 72 188 0
30383.06032050924 73 189 0
30259.053545026538 74 190 0
30163.104868326955 74 191 0
30086.433552056966 74 192 0
30075.249916033103 75 193 0
29899.389230153152 75 194 0
29850.245941415487 76 195 0
29848.52829929869 76 196 0
29789.49362837952 76 197 0
29622.68273899411 76 198 0
29599.495632719925 77 199 0
29510.31432155263 77 200 0
29506.53475765451 78 201 0
29401.938116872057 78 202 0
29360.84665327728 78 203 0
29234.26795559266 78 204 0
29167.263603523472 79 205 0
29018.51710029941 80 206 0
29000.063827431943 80 207 0
28949.6997857385 81 208 0
28884.52962523129 81 209 0
28874.353881836236 81 210 0
28854.201767065726 82 211 0
28760.733101686135 82 212 0
28673.62442113422 82 213 0
28646.281809339354 82 214 0
28457.874385777366 82 215 0
28449.06938082228 82 216 0
28370.110870695717 84 217 0
28342.888902706905 84 218 0
28283.785948384277 84 219 0
28242.4688898381 84 220 0
28150.403362639365 85 221 0
28077.583023071646 85 222 0
28036.326977502948 86 223 0
27956.271058245795 86 224 0
27835.29295208424 86 225 0
27795.209965224116 86 226 0
27761.320753709326 87 227 0
27655.03584855696 87 228 0
27654.99337434306 87 229 0
27544.07613033631 88 230 0
27434.475108999315 88 231 0
27331.58047695239 89 232 0
27180.13660961234 89 233 0
27073.846486313392 89 234 0
27069.250921417348 90 235 0
26971.90832520873 90 236 0
26902.429795069067 90 237 0
26878.753487488917 91 238 0
26816.9631346198 91 239 0
26784.223128365484 91 240 0
26575.65508121856 91 241 0
26566.092557861164 91 242 0
26503.727808193755 92 243 0
26462.97307061991 92 244 0
26323.041908552685 93 245 0
26244.966082789622 93 246 0
26111.16442893005 94 247 0
26083.56901015382 95 248 0
26078.49575871452 95 249 0
26024.13065347634 96 250 0
26013.898299296827 97 251 0
25995.1335369635 97 252 0
25974.900971792937 98 253 0
25957.25911740536 98 254 0
25933.192598633323 101 255 0
25915.219174230737 102 256 0
25874.053409769967 105 257 0
25855.645440719134 107 258 0
25810.203109461458 109 259 0
25727.410944338022 109 260 0
25691.85496772309 110 261 0
25691.80200929019 110 262 0
25684.135592665414 110 263 0
25550.251998338263 110 264 0
25505.23968910421 113 265 0
25474.320227057895 114 266 0
25467.446157528968 114 267 0
25328.911180983203 114 268 0
24999.795835310782 114 269 0
24892.621070333706 116 270 0
24848.273945194793 116 271 0
24825.114868615863 120 272 0
24707.66637283658 127 273 0
24621.776196041377 127 274 0
24513.790931140113 130 275 0
24446.150450361554 132 276 0
24420.066155383705 133 277 0
24268.738035024184 133 278 0
24241.79249674933 136 279 0
24135.320043270833 136 280 0
24094.280392430665 137 281 0
24031.96839912382 138 282 0
24022.845655183828 139 283 0
23954.798776085794 143 284 0
23829.33021082132 146 285 0
23821.594536132638 146 286 0
23591.35398407942 147 287 0
23517.335700625357 148 288 0
23398.66421471755 149 289 0
23369.721223919827 152 290 0
23262.905861171734 153 291 0
23251.60129260911 166 292 0
23217.64853265191 167 293 0
23200.18128115177 169 294 0
23142.35642481107 170 295 0
23102.043672015934 172 296 0
22990.562884404222 173 297 0
22969.938614912026 173 298 0
22961.83907015898 175 299 0
22895.646493547232 177 300 0
22876.943268979107 179 301 0
22873.11365604739 179 302 0
22858.504579780983 179 303 0
22843.122293431807 180 304 0
22835.45560847081 183 305 0
22831.62599553909 185 306 0
22823.643121168232 186 307 0
22754.774659856517 188 308 0
22736.99548602692 188 309 0
22734.37939526484 192 310 0
22705.44285834356 193 311 0
22685.80891490203 193 312 0
22661.85442977048 193 313 0
22611.80690206129 194 314 0
22610.98091333343 195 315 0
22561.59616014472 196 316 0
22225.299230810437 196 317 0
21973.383884868137 197 318 0
21876.420889183246 200 319 0
21871.864565963686 201 320 0
21797.05598758132 201 321 0
21779.604140048763 201 322 0
21748.69991356069 202 323 0
21726.262990144318 202 324 0
21698.266450556952 204 325 0
21675.56995936494 208 326 0
21673.335262560326 212 327 0
21633.625754741195 217 328 0
21627.747129395782 220 329 0
21556.824653831503 223 330 0
21544.353052468945 224 331 0
21509.507478441337 227 332 0
21463.974844078562 228 333 0
21431.505157630298 229 334 0
21250.956421370618 231 335 0
21206.69619544879 232 336 0
21089.96044547455 233 337 0
21089.004046867543 237 338 0
21032.17085823927 239 339 0
21022.79300590363 240 340 0
20989.30138599569 244 341 0
20903.81294113949 247 342 0
20756.34375069575 252 343 0
20666.24192115073 253 344 0
20658.986095175413 254 345 0
20637.250373577088 258 346 0
20594.211117168674 261 347 0
20504.10928762365 266 348 0
20494.527384641216 267 349 0
20484.50003123273 273 350 0
20446.4577889743 277 351 0
20399.4901916761 278 352 0
20370.521775150904 287 353 0
20326.115281517006 294 354 0
20320.499828042164 307 355 0
20251.525261122464 309 356 0
20237.836732897893 319 357 0
20221.622621622464 330 358 0
20182.562235399575 334 359 0
20120.308889091928 338 360 0
20117.17608561262 339 361 0
20108.545911283865 339 362 0
20080.567477255558 344 363 0
20075.081310996142 346 364 0
19970.357843004902 354 365 0
19947.166215357487 357 366 0
19925.956790784057 370 367 0
19909.134380856114 372 368 0
19890.004599766173 379 369 0
19850.865923298334 382 370 0
19817.16766320184 391 371 0
19817.091521848888 410 372 0
19800.527763721744 415 373 0
19798.046858199876 416 374 0
19788.909972943628 431 375 0
19770.53345752928 436 376 0
19766.240703795746 440 377 0
19700.006186445862 444 378 0
19668.100519308842 454 379 0
19644.707276064793 457 380 0
19640.108624797704 467 381 0
19580.479552699377 474 382 0
19563.91579457223 478 383 0
19543.215857434945 491 384 0
19530.337493815547 594 385 0
19514.55416273288 602 386 0
19503.535538136417 605 387 0
19502.940746895278 629 388 0
19495.88275039762 642 389 0
19436.25367829929 669 390 0
19428.127122411704 794 391 0
19384.628097748035 895 392 0
19371.558832111925 1009 393 0
19363.674310761402 1116 394 0
19352.39816885699 1231 395 0
19340.742632580008 1344 396 0
19338.768932710682 1457 397 0
19333.594785236775 1558 398 0
19325.449772584638 1579 399 0
19320.339360567083 1687 400 0
19315.505922805074 1714 401 0
19295.542892220154 1833 402 0
19284.75299052152 1936 403 0
19277.481950388676 2053 404 0
19264.13918164109 2161 405 0
