instance_name algorithm_name iter_idx best_objective running_time
DU200-P4-0 local_search 4 19557.020142077967 0.04287
nb_riders nb_polygons
4 200
rider 0 = {4, 6, 13, 19, 22, 23, 34, 35, 38, 41, 46, 58, 59, 62, 64, 67, 68, 76, 81, 85, 87, 88, 91, 92, 96, 98, 99, 100, 107, 109, 110, 111, 118, 120, 124, 129, 142, 143, 145, 152, 162, 165, 166, 174, 177, 179, 182, 187, 188, 190, 193, 198}
best_rider_2_centroid best_rider_2_obj best_rider_2_radius best_rider_2_act_1 best_rider_2_act_2 best_rider_2_act_3 best_rider_2_area
100 5296.878883473194 5296.878883473194 128.17538179762204 302.64913895538405 0.0 0.0
rider 1 = {0, 3, 8, 14, 17, 20, 24, 27, 31, 32, 33, 39, 42, 43, 45, 47, 48, 49, 51, 61, 69, 70, 74, 77, 79, 93, 94, 97, 103, 108, 116, 123, 126, 130, 132, 137, 138, 149, 159, 160, 167, 171, 175, 176, 178, 184, 191, 192, 194, 199}
best_rider_2_centroid best_rider_2_obj best_rider_2_radius best_rider_2_act_1 best_rider_2_act_2 best_rider_2_act_3 best_rider_2_area
194 3948.808043434237 3948.808043434237 131.56510709213825 330.9889337049801 0.0 0.0
rider 2 = {1, 12, 18, 21, 25, 28, 29, 30, 37, 40, 50, 55, 57, 60, 65, 71, 73, 75, 78, 80, 82, 84, 95, 106, 113, 114, 115, 117, 119, 122, 125, 127, 131, 134, 136, 144, 148, 154, 155, 157, 163, 164, 168, 172, 173, 181, 185}
best_rider_2_centroid best_rider_2_obj best_rider_2_radius best_rider_2_act_1 best_rider_2_act_2 best_rider_2_act_3 best_rider_2_area
82 5335.478741074146 5335.478741074146 123.04668069882722 304.3930082911529 0.0 0.0
rider 3 = {2, 5, 7, 9, 10, 11, 15, 16, 26, 36, 44, 52, 53, 54, 56, 63, 66, 72, 83, 90, 89, 86, 101, 102, 104, 105, 112, 121, 128, 133, 135, 141, 140, 139, 146, 147, 151, 150, 153, 156, 158, 161, 169, 170, 180, 183, 189, 186, 196, 197, 195}
best_rider_2_centroid best_rider_2_obj best_rider_2_radius best_rider_2_act_1 best_rider_2_act_2 best_rider_2_act_3 best_rider_2_area
90 4975.854474096391 4975.854474096391 132.7029058113236 324.3212634858965 0.0 0.0
obj time iter vio 
47388.49507288437 0 0 4344.267784572331
47344.00647722099 0 1 4344.267784572331
44593.89644875351 0 2 3456.1108851389336
41725.393548073465 0 3 2440.7722182266625
41657.91390988928 0 4 2341.7100344880596
41611.380329972315 0 5 2341.7100344880596
39270.27700449902 0 6 0
39239.99218388196 0 7 0
39224.69446713016 1 8 0
39180.903189992394 1 9 0
39147.27412265375 1 10 0
39115.31539557273 1 11 0
39085.424255666774 2 12 0
39081.13102857098 2 13 0
39015.83165118894 2 14 0
38968.45961282301 2 15 0
38949.43185956661 3 16 0
38905.98232773012 3 17 0
38887.95876705888 4 18 0
38820.45728271325 4 19 0
38792.76707787626 6 20 0
38770.60740420735 6 21 0
38641.74050889609 6 22 0
38568.7733310669 6 23 0
38513.19034514683 6 24 0
38350.30082484289 6 25 0
38338.74639672341 7 26 0
38336.31625562724 7 27 0
38328.75103502945 8 28 0
38321.841143012425 8 29 0
38225.42270576766 9 30 0
38213.0585396353 9 31 0
38147.104456243804 9 32 0
38025.42290634017 9 33 0
37893.792761721335 9 34 0
37843.46381262131 10 35 0
37817.56574762071 10 36 0
37801.785833253205 10 37 0
37781.8372000646 11 38 0
37745.49534231037 12 39 0
37661.78462799318 12 40 0
37559.0008072989 12 41 0
37366.064981243544 12 42 0
37302.81781137683 12 43 0
37301.18042063979 12 44 0
37284.086072143946 12 45 0
37276.28552869831 12 46 0
37265.73838060397 13 47 0
37126.27326845048 13 48 0
37106.24190203128 13 49 0
37068.13644853515 15 50 0
37039.53869303498 15 51 0
37022.1622095308 15 52 0
36993.520592823086 15 53 0
36941.2073319443 16 54 0
36933.39906662331 17 55 0
36899.84925641096 19 56 0
36895.62320731082 19 57 0
36782.55584411247 19 58 0
36779.597032505044 20 59 0
36700.4791671082 20 60 0
36690.55335402906 21 61 0
36686.661313537246 21 62 0
36686.23965584497 22 63 0
36656.01321924042 22 64 0
36650.353166081084 22 65 0
36521.67129570143 24 66 0
36519.12969903924 24 67 0
36504.14988999495 24 68 0
36446.099654251324 25 69 0
36383.83452154804 25 70 0
36259.08069674259 25 71 0
36255.01766944669 28 72 0
36218.04734266962 28 73 0
36189.4057259619 29 74 0
36132.883757580865 29 75 0
36130.757229032795 29 76 0
35972.09673831206 29 77 0
35778.68427770256 30 78 0
35775.97976098962 30 79 0
35710.222905983705 30 80 0
35619.50912568263 30 81 0
35606.06865203173 30 82 0
35520.89800273847 30 83 0
35412.39847827655 30 84 0
35409.788779716335 31 85 0
35404.43213036106 32 86 0
35249.329883884144 33 87 0
35237.26009955286 33 88 0
35193.241300040834 33 89 0
35133.073110861646 34 90 0
35088.73752119563 34 91 0
35036.08610305143 34 92 0
34931.64734812695 34 93 0
34815.4867183474 34 94 0
34804.33729531798 35 95 0
34629.23327585251 35 96 0
34606.94790544949 36 97 0
34578.533378482825 36 98 0
34494.67808817854 36 99 0
34396.87596296353 36 100 0
34239.514715431986 37 101 0
34224.902870161386 38 102 0
34166.73366773501 38 103 0
34050.619552882294 38 104 0
34007.91206732463 38 105 0
33933.14391251951 39 106 0
33902.31746558154 40 107 0
33821.64599167527 40 108 0
33695.42336131619 40 109 0
33662.15520502135 40 110 0
33593.56763198767 40 111 0
33574.52873306048 41 112 0
33466.36169980508 41 113 0
33356.22142894755 41 114 0
33218.983391860034 41 115 0
33167.47557704135 41 116 0
33104.48342897919 41 117 0
33099.24557904682 41 118 0
33020.499126361814 42 119 0
32989.925582043245 42 120 0
32919.33516120149 42 121 0
32790.0066492366 42 122 0
32779.49695732674 42 123 0
32702.005142368995 42 124 0
32471.67181744853 42 125 0
32388.899753677775 42 126 0
32363.00971165306 43 127 0
32239.345265744094 43 128 0
32167.016576689362 43 129 0
32039.093058804337 43 130 0
31985.584879007332 43 131 0
31914.83731662162 43 132 0
31912.849278157435 43 133 0
31767.414874478476 44 134 0
31720.97980902007 44 135 0
31532.57061943317 44 136 0
31468.31457424939 44 137 0
31410.100070173517 45 138 0
31380.47620930072 45 139 0
31330.990746290947 46 140 0
31304.050733274507 46 141 0
31243.19654548813 47 142 0
31239.403603867973 48 143 0
31130.92818366753 48 144 0
31050.544181263434 48 145 0
30896.859082645748 49 146 0
30851.911425784027 49 147 0
30711.266770444236 49 148 0
30653.350881639883 50 149 0
30625.3074840077 50 150 0
30508.240051436147 51 151 0
30381.892866107475 51 152 0
30362.15031370559 52 153 0
30248.38881049716 53 154 0
30224.148964337302 53 155 0
30179.480784591666 53 156 0
30169.876849213404 53 157 0
30164.10953395666 54 158 0
30128.145799137834 54 159 0
30109.571314059598 54 160 0
29976.894963491057 54 161 0
29757.683722839887 54 162 0
29585.300637686134 54 163 0
29546.170038280565 55 164 0
29478.909229737466 55 165 0
29374.16620276631 57 166 0
29360.047184840034 58 167 0
29352.938134886455 58 168 0
29344.724498026095 58 169 0
29326.453455618306 60 170 0
29192.200687028908 60 171 0
29155.876308083996 60 172 0
29127.53050701387 60 173 0
29116.5093883989 61 174 0
29018.913952257884 61 175 0
28991.631111733983 62 176 0
28904.81406606362 63 177 0
28888.75857113757 64 178 0
28864.15681333439 65 179 0
28822.259556051125 65 180 0
28813.670436880653 65 181 0
28678.4539513611 65 182 0
28631.15618155354 65 183 0
28548.63392288435 65 184 0
28532.070782373237 65 185 0
28412.594952335072 65 186 0
28320.614344633323 66 187 0
28311.17727765537 67 188 0
28137.031388862473 68 189 0
28096.34983250402 68 190 0
28090.840374206786 68 191 0
28045.83699752978 69 192 0
27962.397451441644 69 193 0
27947.320428378152 69 194 0
27916.82806999383 70 195 0
27763.765810928326 72 196 0
27613.93206891998 72 197 0
27581.93325126324 72 198 0
27512.042158703254 75 199 0
27497.137948807438 75 200 0
27456.23426150962 76 201 0
27391.988477883573 76 202 0
27241.934199244042 78 203 0
27237.806412512356 78 204 0
27210.00368088916 79 205 0
27087.521065582296 80 206 0
26929.019210081897 80 207 0
26912.301203484305 80 208 0
26898.362847905584 81 209 0
26685.914622051027 81 210 0
26579.278005986573 83 211 0
26471.669237478116 83 212 0
26343.05593782836 83 213 0
26309.449328853054 84 214 0
26307.190616063373 84 215 0
26234.669451709215 84 216 0
26041.128556004456 85 217 0
26030.219128072356 85 218 0
26016.89746469237 86 219 0
25954.449761090684 87 220 0
25903.805170101274 89 221 0
25808.304747956023 93 222 0
25751.37293109737 94 223 0
25671.146406709013 95 224 0
25640.3102149713 96 225 0
25568.006729053115 97 226 0
25557.185475833605 98 227 0
25547.55374360053 98 228 0
25525.10790041252 99 229 0
25522.324634592365 99 230 0
25498.477845744215 99 231 0
25459.58101867549 99 232 0
25446.315771011752 100 233 0
25391.21196590455 100 234 0
25389.583300568233 102 235 0
25364.96799681063 102 236 0
25269.81852498592 103 237 0
25189.450190375137 103 238 0
25189.308380152706 104 239 0
25132.84667798404 105 240 0
25073.027140597907 106 241 0
24955.208817355593 107 242 0
24922.481207233992 107 243 0
24734.197528268334 107 244 0
24693.97598209138 109 245 0
24646.007945547866 109 246 0
24601.98938704771 110 247 0
24580.078654138644 113 248 0
24506.071825921925 115 249 0
24502.026397104913 115 250 0
24481.58775629333 118 251 0
24450.302139287054 119 252 0
24352.862610953514 120 253 0
24325.190710861363 122 254 0
24216.859959733418 122 255 0
24045.802489579055 123 256 0
23921.679599367304 126 257 0
23880.272960466824 130 258 0
23853.513295842193 133 259 0
23827.568515923915 134 260 0
23801.90337714997 135 261 0
23797.887761927996 137 262 0
23767.051570190284 142 263 0
23748.812650545442 143 264 0
23711.60230196809 144 265 0
23654.670485109436 148 266 0
23624.614040796092 149 267 0
23618.514998636987 151 268 0
23613.219649117575 151 269 0
23590.707449027625 153 270 0
23538.878315523758 153 271 0
23491.82194544941 157 272 0
23484.25421528153 159 273 0
23445.9627076664 163 274 0
23436.174115920505 165 275 0
23431.1515868036 169 276 0
23411.624333119864 170 277 0
23399.72919725489 171 278 0
23383.705943619265 175 279 0
23369.27984926979 176 280 0
23236.954158347064 177 281 0
23193.133878954297 180 282 0
23096.993435799006 181 283 0
23095.123304050594 184 284 0
22954.015714395606 185 285 0
22912.04716586233 191 286 0
22894.688691319556 191 287 0
22887.654614923078 193 288 0
22876.800257834275 194 289 0
22844.408875067307 196 290 0
22800.607686489602 201 291 0
22764.846114013388 215 292 0
22736.64589694767 215 293 0
22682.70638286587 216 294 0
22598.06866630542 220 295 0
22504.22559863225 222 296 0
22466.724345155868 223 297 0
22274.004292938604 224 298 0
22204.95397741669 227 299 0
22114.421623740276 230 300 0
22078.752624662597 233 301 0
22051.435073180837 245 302 0
22002.733253818005 247 303 0
21976.216616799247 248 304 0
21943.071576822087 252 305 0
21919.297713609387 253 306 0
21881.150255931614 258 307 0
21869.596285023843 264 308 0
21846.907484839838 268 309 0
21844.919396367648 272 310 0
21772.0825205415 273 311 0
21766.109437089923 276 312 0
21746.985141493773 293 313 0
21704.94703933992 316 314 0
21569.942592740208 316 315 0
21551.800648021876 317 316 0
21505.776510448515 318 317 0
21473.303214013024 321 318 0
21303.32536308489 326 319 0
21299.02497523476 338 320 0
21283.22832480153 350 321 0
21271.038922269887 352 322 0
21244.502655738077 355 323 0
21234.343517745918 357 324 0
21230.72892122026 362 325 0
21229.577088708986 364 326 0
21218.02311780121 365 327 0
21167.03306862345 371 328 0
21165.8202107845 377 329 0
21162.05187468925 385 330 0
21142.42236235737 503 331 0
21120.17613121872 613 332 0
21068.46690351406 727 333 0
21040.290183658853 822 334 0
21006.820604797507 828 335 0
20928.612113532276 834 336 0
20900.225833155553 836 337 0
20864.02927223065 844 338 0
20815.21564433469 847 339 0
20812.3185711447 850 340 0
20789.63970798664 853 341 0
20678.14624117896 860 342 0
20644.015449412396 884 343 0
20613.163855689927 886 344 0
20604.008747586744 889 345 0
20572.483602832108 912 346 0
20559.974067835836 919 347 0
20529.782273227767 922 348 0
20500.6636921725 926 349 0
20489.49597427922 945 350 0
20484.94425682612 949 351 0
20451.21399891765 953 352 0
20344.96873613799 966 353 0
20296.69565863378 970 354 0
20290.573725715924 980 355 0
20217.731085849206 988 356 0
20195.007898028573 993 357 0
20131.293651309003 998 358 0
20075.538857566513 1004 359 0
20061.49929050513 1011 360 0
19983.16481824864 1017 361 0
19954.721864369618 1026 362 0
19949.46364162249 1032 363 0
19883.454488000374 1045 364 0
19879.551561739318 1059 365 0
19837.52649645987 1083 366 0
19823.82575600043 1096 367 0
19803.352744275417 1117 368 0
19778.262617589946 1134 369 0
19722.454517694627 1161 370 0
19698.276968794176 1208 371 0
19695.496404561483 1328 372 0
19669.264816077964 1423 373 0
19655.18419284841 1518 374 0
19635.798423536544 1633 375 0
19615.787411091616 1733 376 0
19571.08145721307 1767 377 0
19557.020142077967 1793 378 0
