instance_name algorithm_name iter_idx best_objective running_time
DU200-P8-0 local_search 0 19816.485430413246 0.651727
nb_riders nb_polygons
8 200
rider 0 = {1, 129, 7, 12, 15, 17, 148, 149, 158, 37, 166, 40, 41, 46, 47, 50, 184, 187, 192, 78, 84, 85, 87, 94, 98, 115}
best_rider_2_centroid best_rider_2_obj best_rider_2_radius best_rider_2_act_1 best_rider_2_act_2 best_rider_2_act_3 best_rider_2_area
187 2259.7213103958275 2259.7213103958275 63.22948533670294 170.2752709703135 0.0 0.0
rider 1 = {3, 6, 136, 142, 143, 14, 147, 153, 28, 161, 59, 190, 191, 69, 92, 93, 95, 101, 107, 113, 116, 117, 121, 122, 126}
best_rider_2_centroid best_rider_2_obj best_rider_2_radius best_rider_2_act_1 best_rider_2_act_2 best_rider_2_act_3 best_rider_2_area
136 2454.1403079779125 2454.1403079779125 61.62194358488742 175.62825473586548 0.0 0.0
rider 2 = {134, 137, 141, 13, 23, 156, 155, 21, 31, 160, 27, 154, 38, 42, 178, 49, 56, 64, 62, 197, 77, 105, 127, 125}
best_rider_2_centroid best_rider_2_obj best_rider_2_radius best_rider_2_act_1 best_rider_2_act_2 best_rider_2_act_3 best_rider_2_area
141 2205.523096342331 2205.523096342331 62.08577551908782 161.89419123059807 0.0 0.0
rider 3 = {8, 145, 22, 24, 33, 35, 169, 43, 52, 181, 186, 63, 67, 71, 72, 73, 79, 81, 86, 102, 103, 108, 112}
best_rider_2_centroid best_rider_2_obj best_rider_2_radius best_rider_2_act_1 best_rider_2_act_2 best_rider_2_act_3 best_rider_2_area
81 1876.789618655252 1876.789618655252 64.60085083393935 165.27279703474144 0.0 0.0
rider 4 = {5, 4, 138, 140, 20, 19, 150, 18, 25, 159, 36, 164, 163, 176, 45, 172, 51, 180, 55, 188, 193, 80, 119, 97, 96, 104, 106, 123}
best_rider_2_centroid best_rider_2_obj best_rider_2_radius best_rider_2_act_1 best_rider_2_act_2 best_rider_2_act_3 best_rider_2_area
36 2728.9089362978775 2728.9089362978775 66.39674946071376 166.94308101677117 0.0 0.0
rider 5 = {135, 151, 152, 30, 34, 165, 167, 168, 171, 48, 175, 174, 179, 183, 57, 58, 189, 65, 198, 82, 89, 110, 124}
best_rider_2_centroid best_rider_2_obj best_rider_2_radius best_rider_2_act_1 best_rider_2_act_2 best_rider_2_act_3 best_rider_2_area
89 2567.859873487286 2567.859873487286 63.93166987821863 177.849795641287 0.0 0.0
rider 6 = {128, 131, 132, 133, 10, 139, 11, 157, 32, 39, 44, 173, 177, 185, 60, 61, 194, 195, 196, 66, 74, 88, 91, 100, 118, 120}
best_rider_2_centroid best_rider_2_obj best_rider_2_radius best_rider_2_act_1 best_rider_2_act_2 best_rider_2_act_3 best_rider_2_area
32 2880.309610706775 2880.309610706775 60.676500417550024 176.13960995599209 0.0 0.0
rider 7 = {0, 2, 130, 9, 16, 144, 146, 26, 29, 162, 170, 53, 54, 182, 68, 70, 199, 75, 76, 83, 90, 99, 109, 111, 114}
best_rider_2_centroid best_rider_2_obj best_rider_2_radius best_rider_2_act_1 best_rider_2_act_2 best_rider_2_act_3 best_rider_2_area
199 2843.2326765499843 2843.2326765499843 64.7879943967869 162.33395493942334 0.0 0.0
obj time iter vio 
51069.42696505203 0 0 2995.5276427716453
47879.92661184194 11 1 2995.5276427716453
44709.00765533299 11 2 2212.88321192753
44665.131963704036 11 3 2125.3091126104478
43841.62138576879 39 4 2125.3091126104478
40644.51566836214 39 5 1634.9853809777612
40600.81726067401 39 6 1634.9853809777612
38972.28473411119 39 7 0
38953.87607464993 49 8 0
38831.11782739027 49 9 0
38771.758778416515 49 10 0
38758.561725222506 49 11 0
38667.63249694992 50 12 0
38607.9486676101 50 13 0
38427.511722353745 50 14 0
38394.6904196676 56 15 0
38142.61608911895 62 16 0
38113.304295101065 73 17 0
38088.81753192699 73 18 0
38050.459511348236 74 19 0
37910.41842414695 96 20 0
37904.384357590454 96 21 0
37849.54914991647 109 22 0
37733.0764447961 115 23 0
37729.69897046995 115 24 0
37709.88197938127 116 25 0
37606.25501994125 122 26 0
37593.12785040241 123 27 0
37561.536935859775 123 28 0
37397.545834332865 123 29 0
37390.4549836472 123 30 0
37309.30145097538 129 31 0
37238.29600046561 136 32 0
37221.17486914063 136 33 0
37202.132952483196 136 34 0
37164.57098940971 164 35 0
37114.7283527183 164 36 0
37011.28353133968 170 37 0
36922.78817747143 176 38 0
36666.33333853428 183 39 0
36634.89475675874 201 40 0
36534.56467535667 207 41 0
36534.522647200836 225 42 0
36476.73608965958 225 43 0
36448.184441618294 231 44 0
36398.74448647234 244 45 0
36305.785709067524 244 46 0
36269.09473366532 250 47 0
36187.42537642687 251 48 0
35974.72814655688 251 49 0
35877.941612531555 251 50 0
35862.4409009209 265 51 0
35862.43694084003 278 52 0
35722.931372369894 284 53 0
35674.76430680178 297 54 0
35599.62246595251 303 55 0
35516.01971063327 321 56 0
35423.35492598169 327 57 0
35411.53914352576 332 58 0
35407.58742355164 354 59 0
35402.98186331871 360 60 0
35374.88871738357 360 61 0
35362.937433144136 360 62 0
35109.21978098907 366 63 0
35090.0137216816 372 64 0
34995.44680599929 373 65 0
34952.41001119217 373 66 0
34930.14024503533 431 67 0
34867.30540214526 432 68 0
34732.47702509183 444 69 0
34586.13469332692 444 70 0
34520.31871234357 445 71 0
34519.629854486135 463 72 0
34501.47146195694 464 73 0
34468.22529890307 464 74 0
34387.51610447779 470 75 0
34313.46946521835 489 76 0
34290.26817605434 518 77 0
34220.28338038 525 78 0
34180.004592717334 586 79 0
34179.622474120435 614 80 0
34158.994397548224 625 81 0
34132.54568516933 626 82 0
34075.28948247389 626 83 0
34008.839582658795 644 84 0
33940.41020694635 650 85 0
33838.50203950615 650 86 0
33791.55829612044 651 87 0
33790.670293099894 668 88 0
33505.9042885054 674 89 0
33465.614545070384 714 90 0
33314.36706644628 714 91 0
33309.37221942283 725 92 0
33297.12048628967 726 93 0
33240.848268279326 732 94 0
33141.26417739082 738 95 0
32997.58914092544 738 96 0
32977.040774454224 739 97 0
32962.12131706254 779 98 0
32862.19497788543 785 99 0
32717.04870633367 797 100 0
32617.628055907317 809 101 0
32610.89455182716 809 102 0
32609.726211924124 821 103 0
32561.08395383027 827 104 0
32489.208765293806 833 105 0
32433.26635588743 855 106 0
32375.74499044967 861 107 0
32167.78627066385 862 108 0
32140.81210491669 863 109 0
32087.423503501057 864 110 0
32017.83032025923 876 111 0
32009.173220272285 881 112 0
31821.360026640134 889 113 0
31767.341410018722 915 114 0
31715.921870852297 935 115 0
31667.09336345907 940 116 0
31542.548460680446 947 117 0
31526.31337536852 963 118 0
31335.062975965953 968 119 0
31322.281357777603 969 120 0
31271.207928774304 969 121 0
31269.255570909896 970 122 0
31163.55257341241 976 123 0
31096.868077340612 982 124 0
31058.593451681412 988 125 0
30945.118741204606 989 126 0
30862.972535644665 990 127 0
30860.69740043622 1031 128 0
30819.4557197624 1032 129 0
30622.6713288706 1032 130 0
30535.332125527202 1063 131 0
30395.862188971463 1064 132 0
30376.94439546097 1064 133 0
30286.8866194949 1065 134 0
30179.172309548143 1067 135 0
30174.44150471993 1073 136 0
30155.06364432806 1078 137 0
30137.388118529758 1083 138 0
30072.931350402156 1110 139 0
30055.77563360781 1115 140 0
29955.85451121744 1127 141 0
29911.930323302888 1166 142 0
29894.412632718955 1166 143 0
29885.208671295048 1173 144 0
29853.245237775853 1179 145 0
29846.834597185807 1180 146 0
29666.587813546037 1225 147 0
29663.375667495413 1231 148 0
29600.161744387282 1232 149 0
29518.384288076802 1233 150 0
29475.569324834258 1233 151 0
29450.860680239264 1250 152 0
29384.07101111145 1251 153 0
29275.47038905722 1252 154 0
29274.655710389638 1286 155 0
28935.384366229842 1287 156 0
28933.34263065167 1314 157 0
28846.307316214275 1355 158 0
28841.59420499138 1356 159 0
28782.550708478826 1357 160 0
28777.86445303769 1358 161 0
28757.18112887866 1360 162 0
28727.269986773303 1372 163 0
28709.85820033422 1383 164 0
28657.550845928905 1385 165 0
28613.097077411865 1386 166 0
28525.178183055217 1386 167 0
28492.69871687164 1387 168 0
28406.66790857049 1393 169 0
28242.37188799038 1394 170 0
28226.41275089296 1401 171 0
28200.236336842223 1402 172 0
28197.071505305277 1427 173 0
28129.023089087856 1433 174 0
28066.69061783163 1481 175 0
27971.959702318964 1547 176 0
27969.22552559451 1562 177 0
27894.810482347424 1562 178 0
27858.54997682687 1588 179 0
27799.70912819715 1607 180 0
27756.631258025332 1669 181 0
27737.00612168381 1675 182 0
27624.19279091467 1692 183 0
27491.279085865022 1699 184 0
27434.352529880834 1700 185 0
27403.69917094592 1700 186 0
27203.73621627165 1701 187 0
27148.294033805385 1712 188 0
27135.068832467616 1718 189 0
27111.02496924637 1719 190 0
27069.13104889597 1725 191 0
27046.89678829762 1737 192 0
26823.70721346942 1749 193 0
26736.523800427916 1766 194 0
26642.031320015267 1783 195 0
26523.56079709629 1800 196 0
26461.485762834156 1801 197 0
26341.551637366316 1831 198 0
26225.40478216203 1837 199 0
26225.01857417378 1837 200 0
26097.565874035266 1844 201 0
26038.861531819206 1850 202 0
25962.51065176164 1851 203 0
25776.1704273045 1866 204 0
25750.896666282268 1866 205 0
25744.693909817524 1883 206 0
25661.83564278551 1928 207 0
25653.005819639093 1929 208 0
25523.47041644926 1930 209 0
25509.062515826434 1931 210 0
25437.609684679974 1941 211 0
25280.904115008743 1947 212 0
25193.6624573737 1948 213 0
25096.991043822123 1948 214 0
25005.21433789326 1948 215 0
24897.083249001913 1949 216 0
24896.019384666884 1971 217 0
24884.042222447883 1978 218 0
24858.84588808018 1979 219 0
24818.919619059856 1980 220 0
24815.51589113813 2008 221 0
24717.936416765886 2027 222 0
24699.542918339666 2028 223 0
24630.23034662894 2041 224 0
24549.176667846405 2076 225 0
24462.631995217434 2077 226 0
24338.091584328555 2083 227 0
24277.717756616257 2084 228 0
24088.90644326069 2101 229 0
24068.146770993404 2104 230 0
24064.78508863736 2105 231 0
24020.82056041988 2112 232 0
23998.634688305283 2115 233 0
23974.617777881725 2116 234 0
23922.16321215212 2122 235 0
23891.188273976382 2138 236 0
23876.719036680297 2171 237 0
23816.018384200077 2172 238 0
23748.140261384575 2178 239 0
23746.876424756145 2206 240 0
23729.263029044305 2239 241 0
23635.48104474993 2254 242 0
23419.345841981558 2273 243 0
23417.834493293998 2314 244 0
23359.877926735422 2314 245 0
23350.45849164251 2315 246 0
23292.87453199742 2352 247 0
23292.054017246184 2375 248 0
23076.424345466112 2392 249 0
22868.364985811782 2409 250 0
22859.05445678788 2410 251 0
22758.06514677551 2422 252 0
22756.414667173638 2431 253 0
22629.998776942088 2432 254 0
22603.426461844116 2436 255 0
22577.534610002847 2448 256 0
22538.072902169082 2449 257 0
22536.345745866867 2456 258 0
22520.240313521794 2476 259 0
22494.059514587898 2477 260 0
22287.209149737282 2490 261 0
22222.250302524513 2495 262 0
22157.267230195106 2520 263 0
22136.75229482993 2530 264 0
22087.711251399094 2589 265 0
21944.09633487382 2620 266 0
21942.920831389143 2623 267 0
21875.51088173027 2639 268 0
21857.679345492998 2652 269 0
21828.64330946778 2659 270 0
21785.40360060354 2667 271 0
21661.268150962063 2674 272 0
21592.670142433883 2710 273 0
21580.24808098433 2728 274 0
21530.443437140373 2753 275 0
21524.81139442526 2770 276 0
21453.244387160645 2810 277 0
21348.432565559346 2841 278 0
21298.381249775222 2847 279 0
21249.764118896437 2853 280 0
21135.415399397818 2872 281 0
21076.42491105019 2933 282 0
21005.543834365166 2951 283 0
20897.636340270805 2970 284 0
20883.258376916467 3031 285 0
20784.559980545935 3035 286 0
20689.727000169936 3068 287 0
20640.021037487095 3070 288 0
20483.617075918395 3082 289 0
20380.435662505697 3110 290 0
20361.77822054162 3150 291 0
20358.324083027157 3187 292 0
20311.85168326871 3206 293 0
20158.458079904143 3263 294 0
20107.659042632447 3296 295 0
20077.413891074364 3303 296 0
20074.9888206383 3322 297 0
20027.59086839075 3323 298 0
19973.55749146637 3369 299 0
19909.80039472701 3377 300 0
19896.15279597288 3396 301 0
19892.683626871687 3446 302 0
19856.29083241432 3597 303 0
19816.485430413246 3615 304 0
