instance_name algorithm_name iter_idx best_objective running_time
DU500-P20-0 local_search 6 90724.9865050418 0.468336
nb_riders nb_polygons
20 500
rider 0 = {384, 389, 263, 408, 410, 418, 291, 421, 293, 174, 178, 54, 191, 320, 463, 341, 85, 478, 224, 97, 106, 236, 376, 127}
best_rider_2_centroid best_rider_2_obj best_rider_2_radius best_rider_2_act_1 best_rider_2_act_2 best_rider_2_act_3 best_rider_2_area
291 4440.9649324769025 4440.9649324769025 60.17110632148656 161.73916827050616 0.0 0.0
rider 1 = {257, 134, 138, 139, 395, 269, 276, 285, 305, 180, 57, 450, 456, 204, 462, 207, 344, 472, 354, 226, 100, 483, 366, 373, 250}
best_rider_2_centroid best_rider_2_obj best_rider_2_radius best_rider_2_act_1 best_rider_2_act_2 best_rider_2_act_3 best_rider_2_area
207 4812.55976180328 4812.55976180328 59.42057591810236 170.34428659822422 0.0 0.0
rider 2 = {130, 386, 392, 141, 403, 277, 278, 407, 155, 414, 32, 186, 447, 203, 333, 79, 465, 338, 349, 222, 225, 228, 491, 113, 117, 247, 251}
best_rider_2_centroid best_rider_2_obj best_rider_2_radius best_rider_2_act_1 best_rider_2_act_2 best_rider_2_act_3 best_rider_2_area
491 4439.357494985432 4439.357494985432 61.5962529899703 174.15047387756238 0.0 0.0
rider 3 = {2, 136, 394, 409, 25, 26, 415, 172, 173, 436, 53, 190, 319, 448, 88, 219, 350, 357, 104, 107, 108, 235, 110, 112, 494, 116}
best_rider_2_centroid best_rider_2_obj best_rider_2_radius best_rider_2_act_1 best_rider_2_act_2 best_rider_2_act_3 best_rider_2_area
53 4688.306424468229 4688.306424468229 62.72874398095534 169.0346648530393 0.0 0.0
rider 4 = {258, 387, 5, 267, 268, 399, 19, 404, 149, 27, 179, 309, 185, 441, 318, 194, 453, 197, 475, 94, 482, 485, 229, 101, 232, 237, 497, 380}
best_rider_2_centroid best_rider_2_obj best_rider_2_radius best_rider_2_act_1 best_rider_2_act_2 best_rider_2_act_3 best_rider_2_area
179 5557.066709434413 5557.066709434413 60.482705424219375 163.84837874883985 0.0 0.0
rider 5 = {3, 391, 13, 411, 162, 38, 423, 171, 430, 303, 48, 63, 67, 199, 328, 327, 461, 347, 477, 480, 96, 359, 487, 492, 367}
best_rider_2_centroid best_rider_2_obj best_rider_2_radius best_rider_2_act_1 best_rider_2_act_2 best_rider_2_act_3 best_rider_2_area
367 4424.531837453097 4424.531837453097 61.65721961151299 166.8549413400546 0.0 0.0
rider 6 = {262, 8, 144, 406, 151, 28, 29, 287, 35, 417, 296, 427, 431, 432, 55, 316, 65, 451, 68, 74, 76, 209, 223, 358, 360, 245, 123, 126}
best_rider_2_centroid best_rider_2_obj best_rider_2_radius best_rider_2_act_1 best_rider_2_act_2 best_rider_2_act_3 best_rider_2_area
123 4370.75878747213 4370.75878747213 62.52006141470589 174.47977728915603 0.0 0.0
rider 7 = {11, 160, 297, 301, 50, 62, 321, 70, 72, 329, 331, 335, 84, 342, 89, 90, 92, 221, 353, 365, 241, 369, 249, 378}
best_rider_2_centroid best_rider_2_obj best_rider_2_radius best_rider_2_act_1 best_rider_2_act_2 best_rider_2_act_3 best_rider_2_area
62 3943.3835069709485 3943.3835069709485 59.19433554682569 166.1497470624423 0.0 0.0
rider 8 = {385, 388, 6, 7, 15, 275, 148, 145, 284, 413, 34, 288, 181, 438, 56, 442, 187, 69, 457, 213, 99, 361, 371}
best_rider_2_centroid best_rider_2_obj best_rider_2_radius best_rider_2_act_1 best_rider_2_act_2 best_rider_2_act_3 best_rider_2_area
275 4161.352897611503 4161.352897611503 59.47186312572896 167.68310834674304 0.0 0.0
rider 9 = {256, 132, 396, 271, 147, 405, 17, 21, 18, 30, 290, 424, 46, 299, 435, 308, 183, 66, 323, 198, 325, 201, 334, 346, 220, 355, 254}
best_rider_2_centroid best_rider_2_obj best_rider_2_radius best_rider_2_act_1 best_rider_2_act_2 best_rider_2_act_3 best_rider_2_area
147 4446.187108631353 4446.187108631353 59.810817268072356 162.3169165367487 0.0 0.0
rider 10 = {270, 150, 23, 282, 161, 163, 419, 37, 422, 40, 45, 434, 449, 195, 77, 206, 340, 486, 231, 242, 499, 370, 381}
best_rider_2_centroid best_rider_2_obj best_rider_2_radius best_rider_2_act_1 best_rider_2_act_2 best_rider_2_act_3 best_rider_2_area
381 3877.499991800668 3877.499991800668 57.71733398886453 161.07116650382468 0.0 0.0
rider 11 = {0, 128, 259, 4, 9, 402, 412, 33, 168, 170, 300, 433, 60, 193, 192, 73, 78, 464, 208, 468, 469, 216, 238, 495, 125}
best_rider_2_centroid best_rider_2_obj best_rider_2_radius best_rider_2_act_1 best_rider_2_act_2 best_rider_2_act_3 best_rider_2_area
300 5220.641723051302 5220.641723051302 58.225804558542094 164.3343529783387 0.0 0.0
rider 12 = {131, 12, 16, 22, 279, 24, 283, 286, 44, 428, 176, 437, 311, 439, 313, 471, 474, 351, 98, 103, 490, 243, 122, 255}
best_rider_2_centroid best_rider_2_obj best_rider_2_radius best_rider_2_act_1 best_rider_2_act_2 best_rider_2_act_3 best_rider_2_area
243 5430.192678689198 5430.192678689198 58.3273138013888 174.41779421675977 0.0 0.0
rider 13 = {137, 10, 265, 274, 153, 292, 43, 47, 189, 445, 455, 459, 466, 210, 215, 95, 484, 233, 234, 363, 109, 111, 375, 124}
best_rider_2_centroid best_rider_2_obj best_rider_2_radius best_rider_2_act_1 best_rider_2_act_2 best_rider_2_act_3 best_rider_2_area
466 4289.387201001839 4044.615972716445 63.82524078642537 160.50876792215024 0.0 0.0
rider 14 = {390, 135, 20, 154, 166, 41, 177, 310, 184, 440, 314, 452, 326, 75, 86, 91, 105, 362, 493, 244, 374, 118, 248, 377, 379, 382}
best_rider_2_centroid best_rider_2_obj best_rider_2_radius best_rider_2_act_1 best_rider_2_act_2 best_rider_2_act_3 best_rider_2_area
377 4892.5633139728725 4892.5633139728725 63.16566289430219 169.6330958589961 0.0 0.0
rider 15 = {272, 401, 39, 298, 169, 175, 304, 51, 443, 188, 446, 330, 458, 202, 336, 211, 339, 82, 217, 481, 227, 496, 372}
best_rider_2_centroid best_rider_2_obj best_rider_2_radius best_rider_2_act_1 best_rider_2_act_2 best_rider_2_act_3 best_rider_2_area
443 4420.018931884513 4420.018931884513 58.81062598871779 164.7174125653001 0.0 0.0
rider 16 = {140, 398, 143, 400, 273, 289, 36, 167, 42, 302, 59, 444, 317, 322, 454, 460, 81, 214, 218, 356, 368, 240, 119, 252}
best_rider_2_centroid best_rider_2_obj best_rider_2_radius best_rider_2_act_1 best_rider_2_act_2 best_rider_2_act_3 best_rider_2_area
81 4539.331812908029 4539.331812908029 58.07341346490702 161.99397680234608 0.0 0.0
rider 17 = {1, 260, 261, 266, 14, 146, 280, 416, 420, 164, 295, 426, 307, 182, 196, 324, 71, 200, 212, 87, 345, 352, 364, 114, 246}
best_rider_2_centroid best_rider_2_obj best_rider_2_radius best_rider_2_act_1 best_rider_2_act_2 best_rider_2_act_3 best_rider_2_area
345 3960.5154660509174 3960.5154660509174 60.77695031245831 159.28889094570957 0.0 0.0
rider 18 = {129, 397, 281, 156, 31, 159, 294, 425, 429, 58, 64, 332, 205, 80, 343, 348, 479, 102, 230, 489, 239, 498, 115, 120, 121}
best_rider_2_centroid best_rider_2_obj best_rider_2_radius best_rider_2_act_1 best_rider_2_act_2 best_rider_2_act_3 best_rider_2_area
479 4655.204839936542 4655.204839936542 61.71607352584911 174.16876388165434 0.0 0.0
rider 19 = {133, 264, 393, 142, 152, 157, 158, 165, 49, 306, 52, 312, 315, 61, 337, 467, 83, 470, 473, 476, 93, 488, 253, 383}
best_rider_2_centroid best_rider_2_obj best_rider_2_radius best_rider_2_act_1 best_rider_2_act_2 best_rider_2_act_3 best_rider_2_area
488 4155.16108443863 4155.16108443863 63.364462089155005 159.5516719989295 0.0 0.0
obj time iter vio 
254497.64641948056 0 0 141137.3449985964
251020.92993572715 0 1 139260.4363488039
244787.0491130466 0 2 133773.8899354295
230643.6548793969 0 3 126927.94849408507
227971.89469700513 0 4 126927.94849408507
223806.17210990642 0 5 128261.55486198684
216446.58933967332 0 6 116842.37836105509
211139.08195611183 1 7 115251.71729842167
205007.3087111838 1 8 113011.80250738139
185184.499513426 1 9 95128.5258823238
181582.65682131803 1 10 92937.90891438466
181428.46808426228 1 11 92165.57232323792
181111.7736517975 1 12 89503.46760475886
180697.91755105718 1 13 87743.67547025347
179911.89049744906 2 14 86916.21106430677
171642.5495938808 2 15 78633.17707761888
166609.04200197555 3 16 73573.17212771383
162144.70425118797 3 17 69628.90936318805
154235.89752294286 4 18 62959.0333409967
150477.95524740827 5 19 61095.629155908646
150009.54467277144 6 20 60635.865696087276
147732.3776115956 6 21 60842.4349630429
144074.9889965135 7 22 57173.29697586971
143742.3600838865 7 23 56879.556922619486
137142.1195963761 7 24 48200.512545886195
136036.90525505488 8 25 47138.86276080615
135960.34538967942 8 26 45192.384241821834
132365.51478759697 9 27 41525.92857496897
131754.66545429162 10 28 40849.08957281976
130769.79948384446 10 29 41238.98709878732
130705.28198070654 12 30 41053.93108850925
128080.84999860129 15 31 38580.10120657299
127458.93430845746 17 32 38019.32154541865
122061.57032529393 17 33 33452.84554272638
121834.42636088454 18 34 33249.131258020454
117028.78725311052 18 35 28527.3831657605
113736.89827868294 21 36 25080.564033465816
113229.8108509132 23 37 24678.741005383734
112889.71008229164 41 38 24371.87962724821
110521.7811037634 43 39 22017.390158919738
109902.93400931505 44 40 21250.979969448144
109683.05585659973 80 41 21250.979969448144
109681.02667260644 81 42 21106.621939239067
109041.86346847005 82 43 20541.81686733474
109027.26070769453 82 44 20541.81686733474
108350.11441249543 83 45 19820.21534479129
108282.73166094125 164 46 19820.21534479129
108272.82893370235 173 47 19820.21534479129
105377.74356796373 173 48 18082.483765551922
104811.79939296954 376 49 17673.580068419946
101085.99864851905 376 50 10881.782772378276
100372.00300054 380 51 10198.861476455864
99709.09388243448 587 52 8408.22161953525
99465.7466393056 591 53 8237.189899492147
98649.46691430597 595 54 7511.718135533431
98528.46030434016 783 55 7400.594752314485
98482.80056903904 786 56 7431.426693453443
98445.4579827801 1077 57 7406.220559275373
98394.17564043427 1078 58 7406.220559275373
96783.25025021666 1078 59 5900.157541965602
95635.11992926145 1080 60 4785.6228340829475
95166.0378294953 1081 61 4357.4768421429835
94210.57865750676 1529 62 3261.4405225694422
93616.92157431843 1530 63 2781.0186212131703
93594.91087482446 1531 64 2781.0186212131703
93555.88315482454 1532 65 2781.0186212131703
93545.708821831 1533 66 2781.0186212131703
93426.09114432325 1538 67 2781.0186212131703
93412.9844361362 1683 68 2781.0186212131703
93412.37095489394 1687 69 2781.0186212131703
93129.29508434115 1838 70 2403.5811215353647
91697.64421584025 2152 71 1072.652779945158
90842.63487244831 2773 72 244.77122828539333
90790.94253060129 2932 73 244.77122828539333
90724.9865050418 3974 74 244.77122828539333
