instance_name algorithm_name iter_idx best_objective running_time
DU500-P20-0 local_search 7 95462.98763318858 0.578128
nb_riders nb_polygons
20 500
rider 0 = {261, 6, 136, 265, 428, 430, 52, 184, 312, 187, 316, 192, 71, 203, 75, 460, 334, 208, 346, 219, 355, 228, 103, 491, 379, 253, 382}
best_rider_2_centroid best_rider_2_obj best_rider_2_radius best_rider_2_act_1 best_rider_2_act_2 best_rider_2_act_3 best_rider_2_area
491 5089.591279193949 5089.591279193949 63.39740492395427 168.16552278243796 0.0 0.0
rider 1 = {390, 138, 11, 145, 403, 152, 153, 408, 291, 163, 423, 42, 182, 311, 442, 218, 351, 486, 489, 235, 107, 367, 378, 124}
best_rider_2_centroid best_rider_2_obj best_rider_2_radius best_rider_2_act_1 best_rider_2_act_2 best_rider_2_act_3 best_rider_2_area
124 4226.488328873016 4226.488328873016 57.7860323620515 167.3575514898179 0.0 0.0
rider 2 = {256, 130, 132, 5, 25, 162, 294, 43, 45, 55, 439, 57, 54, 444, 197, 202, 81, 337, 469, 90, 97, 483, 102, 233, 364, 371, 115, 125}
best_rider_2_centroid best_rider_2_obj best_rider_2_radius best_rider_2_act_1 best_rider_2_act_2 best_rider_2_act_3 best_rider_2_area
81 5383.828099165055 5383.828099165055 59.15052019615849 173.31932771006976 0.0 0.0
rider 3 = {24, 417, 421, 41, 171, 174, 315, 446, 321, 326, 204, 77, 207, 465, 339, 213, 470, 475, 477, 226, 357, 361, 113, 373}
best_rider_2_centroid best_rider_2_obj best_rider_2_radius best_rider_2_act_1 best_rider_2_act_2 best_rider_2_act_3 best_rider_2_area
465 4359.253952673223 4359.253952673223 62.589435728275774 160.2139098138511 0.0 0.0
rider 4 = {1, 385, 131, 137, 139, 401, 22, 23, 407, 409, 156, 29, 426, 46, 307, 58, 322, 333, 217, 91, 478, 222, 248, 250, 381}
best_rider_2_centroid best_rider_2_obj best_rider_2_radius best_rider_2_act_1 best_rider_2_act_2 best_rider_2_act_3 best_rider_2_area
23 4484.975191178221 4484.975191178221 61.791687590245495 159.7634144341067 0.0 0.0
rider 5 = {273, 404, 281, 289, 414, 415, 166, 295, 424, 297, 303, 434, 319, 69, 458, 83, 474, 224, 484, 229, 108, 497}
best_rider_2_centroid best_rider_2_obj best_rider_2_radius best_rider_2_act_1 best_rider_2_act_2 best_rider_2_act_3 best_rider_2_area
83 4647.022256194126 4647.022256194126 60.081943111454244 164.72739731199175 0.0 0.0
rider 6 = {384, 143, 274, 276, 150, 406, 30, 49, 314, 445, 455, 462, 335, 466, 89, 482, 100, 101, 232, 105, 496, 368, 244, 117, 123}
best_rider_2_centroid best_rider_2_obj best_rider_2_radius best_rider_2_act_1 best_rider_2_act_2 best_rider_2_act_3 best_rider_2_area
89 4483.242122782772 4483.242122782772 62.58481570898572 164.07956170414323 0.0 0.0
rider 7 = {0, 400, 277, 283, 155, 412, 286, 32, 36, 37, 39, 296, 176, 51, 310, 183, 61, 320, 68, 74, 76, 342, 347, 114, 249, 383}
best_rider_2_centroid best_rider_2_obj best_rider_2_radius best_rider_2_act_1 best_rider_2_act_2 best_rider_2_act_3 best_rider_2_area
296 4749.970594906643 4749.970594906643 62.551230144049015 174.1668966450598 0.0 0.0
rider 8 = {128, 266, 267, 141, 269, 18, 21, 280, 411, 160, 298, 62, 196, 72, 457, 200, 468, 85, 471, 95, 481, 362, 109, 240, 255}
best_rider_2_centroid best_rider_2_obj best_rider_2_radius best_rider_2_act_1 best_rider_2_act_2 best_rider_2_act_3 best_rider_2_area
280 4403.830240761083 4403.830240761083 58.79052598392091 173.66813864431066 0.0 0.0
rider 9 = {391, 279, 288, 31, 165, 168, 169, 299, 301, 432, 177, 178, 179, 181, 190, 206, 82, 344, 476, 366, 241, 246, 376}
best_rider_2_centroid best_rider_2_obj best_rider_2_radius best_rider_2_act_1 best_rider_2_act_2 best_rider_2_act_3 best_rider_2_area
178 4185.375621856485 4185.375621856485 57.56165435351674 162.28695292177113 0.0 0.0
rider 10 = {133, 134, 135, 263, 8, 398, 16, 27, 418, 167, 302, 305, 50, 436, 332, 79, 463, 341, 348, 480, 359, 363, 492, 111, 370, 247}
best_rider_2_centroid best_rider_2_obj best_rider_2_radius best_rider_2_act_1 best_rider_2_act_2 best_rider_2_act_3 best_rider_2_area
111 4681.201273890747 4681.201273890747 59.139530454595935 158.45605511861626 0.0 0.0
rider 11 = {259, 392, 9, 12, 268, 142, 151, 410, 34, 189, 193, 450, 199, 331, 464, 92, 479, 353, 356, 485, 494, 116, 380}
best_rider_2_centroid best_rider_2_obj best_rider_2_radius best_rider_2_act_1 best_rider_2_act_2 best_rider_2_act_3 best_rider_2_area
485 6431.489289310111 3662.584041293518 55.40446323196237 175.2782679582595 0.0 0.0
rider 12 = {129, 258, 388, 260, 144, 148, 157, 158, 416, 292, 300, 60, 66, 451, 343, 345, 221, 99, 358, 488, 112, 369, 118, 127}
best_rider_2_centroid best_rider_2_obj best_rider_2_radius best_rider_2_act_1 best_rider_2_act_2 best_rider_2_act_3 best_rider_2_area
60 4646.170873836236 4099.275121868775 64.12736531010744 162.45566892998625 0.0 0.0
rider 13 = {393, 394, 399, 272, 17, 282, 154, 290, 419, 44, 180, 438, 65, 324, 453, 73, 330, 336, 211, 223, 487, 106, 119, 121}
best_rider_2_centroid best_rider_2_obj best_rider_2_radius best_rider_2_act_1 best_rider_2_act_2 best_rider_2_act_3 best_rider_2_area
282 4439.558275678138 4439.558275678138 59.02968381743845 173.13239863883086 0.0 0.0
rider 14 = {387, 3, 405, 149, 33, 38, 427, 172, 47, 437, 309, 459, 209, 210, 86, 472, 349, 350, 375, 98, 231, 104, 110, 238, 254}
best_rider_2_centroid best_rider_2_obj best_rider_2_radius best_rider_2_act_1 best_rider_2_act_2 best_rider_2_act_3 best_rider_2_area
47 4465.118974965718 4364.20910455174 63.68137942855395 166.15272503166292 0.0 0.0
rider 15 = {397, 14, 15, 13, 270, 19, 278, 285, 48, 435, 185, 313, 325, 327, 456, 88, 94, 352, 227, 230, 493, 365, 122, 251, 252, 126}
best_rider_2_centroid best_rider_2_obj best_rider_2_radius best_rider_2_act_1 best_rider_2_act_2 best_rider_2_act_3 best_rider_2_area
48 4760.223211200199 4760.223211200199 59.77184044832479 174.08389607743086 0.0 0.0
rider 16 = {2, 396, 146, 284, 35, 164, 159, 422, 170, 431, 304, 429, 443, 317, 188, 191, 64, 323, 328, 80, 338, 473, 360, 490, 236}
best_rider_2_centroid best_rider_2_obj best_rider_2_radius best_rider_2_act_1 best_rider_2_act_2 best_rider_2_act_3 best_rider_2_area
443 4552.55853721851 4552.55853721851 59.561961914457996 163.33926131857632 0.0 0.0
rider 17 = {4, 10, 413, 40, 175, 308, 318, 448, 449, 194, 70, 329, 205, 78, 340, 212, 87, 220, 234, 495, 498, 245, 374, 120, 377}
best_rider_2_centroid best_rider_2_obj best_rider_2_radius best_rider_2_act_1 best_rider_2_act_2 best_rider_2_act_3 best_rider_2_area
70 4480.522947601313 4480.522947601313 59.04454646769454 169.01283008783233 0.0 0.0
rider 18 = {386, 262, 7, 271, 275, 147, 28, 161, 420, 425, 173, 53, 441, 186, 63, 447, 67, 452, 198, 461, 467, 84, 215, 216, 93, 96, 225, 239, 372}
best_rider_2_centroid best_rider_2_obj best_rider_2_radius best_rider_2_act_1 best_rider_2_act_2 best_rider_2_act_3 best_rider_2_area
53 6870.425840743777 5386.525962568705 65.06436943631505 158.47755561839443 0.0 0.0
rider 19 = {257, 389, 264, 395, 140, 402, 20, 26, 287, 293, 306, 433, 440, 56, 59, 195, 454, 201, 214, 354, 237, 242, 243, 499}
best_rider_2_centroid best_rider_2_obj best_rider_2_radius best_rider_2_act_1 best_rider_2_act_2 best_rider_2_act_3 best_rider_2_area
243 4122.140721159233 4122.140721159233 59.94617240012734 158.15002436017596 0.0 0.0
obj time iter vio 
250805.98384034497 0 0 144293.4912542565
245622.15630071337 0 1 144803.40412620502
239158.93547704376 1 2 141362.4584347716
217495.18335986996 1 3 124316.8422922576
214374.5863560817 2 4 121897.82469212549
213347.70139827038 2 5 112600.25271341333
212627.44008263026 2 6 114508.7592309476
207149.1394895005 2 7 110986.58711164341
202466.9198983178 3 8 110885.61006874003
198009.73225138924 3 9 108130.1451442763
188445.18665743942 3 10 98618.88517192511
183194.77382719298 4 11 93943.27106875196
182722.12575419265 4 12 91204.60327586492
177789.766693447 4 13 88619.60907571248
176127.1101815553 5 14 88070.97138799899
173486.24330061866 5 15 85244.45052471755
171630.82713780832 5 16 85244.4505247176
163825.85470300587 6 17 75779.58506363894
162725.3015415365 6 18 77337.25506512084
162232.4339778066 6 19 79304.12196229967
159318.21541730204 6 20 76431.9630085357
158873.09138247868 6 21 75737.95018445648
158732.00760513067 6 22 72413.04311787369
154314.26687783783 6 23 67802.76547031767
151220.6413453209 7 24 64654.81129449435
148641.41197176947 7 25 57791.423829750885
145723.09902658444 7 26 54874.76459099199
142583.31345133693 7 27 53439.306392702645
140995.40651674566 7 28 48598.70139733341
140836.08533951614 8 29 48576.79397010957
140719.88009127844 10 30 48458.733635859324
140706.06886136072 10 31 50282.65361196473
139423.7922780937 10 32 50361.097944557405
139178.50332160006 11 33 48373.29510739019
136711.950716348 11 34 45872.265190452854
131410.04157895525 12 35 40554.071067364384
130875.88197048855 13 36 40017.38394364726
130246.0410849903 13 37 39580.3278914726
129911.53900229442 14 38 37368.48809191832
129765.85912165095 15 39 37368.48809191832
129728.820726126 16 40 37384.09831754805
129357.6669668786 18 41 40632.837955350216
128775.86780595675 19 42 40304.65565040451
127835.365779972 22 43 39378.170202848545
126548.56481209776 27 44 37821.4511064285
120335.54223669408 31 45 31687.557943022057
120262.76355562534 35 46 31687.55794302206
120141.33910223912 41 47 31687.55794302206
119613.24619380815 248 48 31145.628495884608
119610.30423297008 251 49 31145.628495884608
119371.66475819421 254 50 30919.700067527014
118107.02862103851 256 51 29530.559544079533
118011.34726215844 259 52 29424.172058078195
117794.13461514976 276 53 26864.439258254915
111828.69711873229 279 54 22197.643815930278
111794.09140509338 281 55 22171.392688552995
109511.96109719903 281 56 19828.40183493451
109504.72032044746 537 57 19828.40183493448
109390.45763781326 538 58 19996.881713291612
109373.52648219961 540 59 20070.6959122815
109257.79995107662 542 60 20070.6959122815
109159.45271224238 551 61 20070.6959122815
109133.9641113284 663 62 20070.6959122815
108986.50170844466 664 63 20070.6959122815
108871.34357083592 665 64 19819.104139006165
108728.90945913862 668 65 19764.739241331234
108723.29453851015 669 66 19764.739241331234
106873.88318982573 673 67 17920.45819428456
106745.58154972091 675 68 15331.633241888869
105468.48996688348 677 69 17665.397598981926
103592.76300665303 799 70 18060.75384401104
103512.0896360025 800 71 17840.36352741307
103027.1796838933 810 72 17292.680950342452
102538.89366517826 812 73 16726.092216639026
102180.28198890097 1086 74 16557.25190642862
102130.63777852607 1086 75 16557.25190642862
102097.88092661796 1088 76 12912.010329068047
100315.99369470672 1089 77 11261.019948154868
99818.26593754989 1091 78 11184.622977357718
98611.43675108097 1204 79 10095.090813980776
98428.83551272395 1205 80 10045.120890000406
98392.8697426854 1336 81 10045.120890000406
98349.00963712877 1340 82 10045.120890000406
98282.95071591012 1589 83 10045.120890000406
98276.84237376698 1837 84 10045.120890000406
97427.5429125963 2082 85 8669.841003751444
97397.92867536432 2206 86 8654.99158810623
97325.11724723058 2447 87 8654.991588106215
96071.65758837588 2454 88 7387.993129934736
95671.16476680136 2458 89 7021.334259689762
95617.12954536674 2808 90 7021.334259689762
95599.74361214331 3154 91 7021.334259689762
95561.58260563147 3508 92 7021.334259689762
95555.21039934982 3508 93 7021.334259689762
95476.57146433157 3528 94 7021.334259689762
95462.98763318858 3649 95 7021.334259689762
