instance_name algorithm_name iter_idx best_objective running_time
DU500-P4-0 local_search 7 51207.49145462316 0.463256
nb_riders nb_polygons
4 500
rider 0 = {20, 427, 103, 104, 107, 289, 245, 45, 115, 117, 122, 249, 412, 5, 128, 229, 131, 26, 253, 134, 27, 137, 59, 286, 425, 29, 146, 145, 436, 147, 233, 30, 151, 221, 261, 159, 262, 166, 288, 171, 251, 34, 35, 179, 180, 8, 183, 292, 240, 191, 197, 198, 201, 41, 468, 287, 297, 309, 295, 311, 469, 319, 267, 64, 323, 325, 327, 417, 330, 51, 409, 333, 334, 90, 336, 338, 347, 258, 14, 426, 479, 360, 55, 462, 363, 364, 365, 73, 480, 74, 371, 372, 481, 376, 482, 2, 15, 381, 300, 76, 77, 280, 60, 56, 484, 219, 390, 391, 282, 398, 79, 399, 283, 80, 404, 285, 83, 109, 298, 158, 439, 32, 162, 163, 184, 456, 48, 187, 394}
best_rider_2_centroid best_rider_2_obj best_rider_2_radius best_rider_2_act_1 best_rider_2_act_2 best_rider_2_act_3 best_rider_2_area
364 13620.56479951461 13620.56479951461 309.25582448559356 819.7737742119648 0.0 0.0
rider 1 = {224, 105, 4, 293, 17, 112, 22, 452, 208, 120, 431, 228, 408, 9, 46, 135, 453, 465, 58, 140, 435, 18, 149, 413, 153, 154, 0, 235, 164, 236, 220, 169, 237, 173, 175, 414, 205, 213, 185, 449, 42, 241, 190, 192, 89, 193, 195, 446, 243, 202, 203, 305, 419, 265, 314, 313, 216, 315, 316, 470, 321, 459, 458, 269, 10, 52, 335, 255, 342, 272, 346, 476, 348, 273, 350, 351, 353, 354, 274, 421, 358, 359, 361, 247, 362, 72, 276, 366, 377, 75, 379, 410, 11, 384, 388, 281, 296, 392, 396, 402, 403, 284, 405, 423, 81, 302, 498, 499, 264, 110, 263, 67, 271, 339, 136, 475, 68, 355, 383}
best_rider_2_centroid best_rider_2_obj best_rider_2_radius best_rider_2_act_1 best_rider_2_act_2 best_rider_2_act_3 best_rider_2_area
355 11606.667159930324 11606.667159930324 300.57908420166933 794.2910458795249 0.0 0.0
rider 2 = {101, 100, 411, 102, 21, 106, 428, 108, 111, 114, 430, 123, 126, 129, 433, 290, 133, 28, 209, 466, 489, 294, 82, 232, 143, 144, 250, 148, 437, 407, 155, 6, 291, 160, 454, 93, 210, 440, 167, 88, 172, 176, 443, 254, 444, 49, 37, 211, 91, 39, 196, 252, 199, 447, 415, 304, 61, 214, 62, 460, 450, 43, 53, 317, 92, 63, 320, 471, 322, 324, 472, 329, 13, 206, 57, 332, 474, 340, 491, 343, 344, 345, 69, 352, 477, 70, 478, 357, 299, 370, 277, 373, 375, 422, 378, 279, 418, 248, 382, 483, 463, 256, 389, 85, 492, 397, 486, 400, 3, 406, 16, 212, 223, 496, 303, 310, 312, 225, 429, 318, 328, 385}
best_rider_2_centroid best_rider_2_obj best_rider_2_radius best_rider_2_act_1 best_rider_2_act_2 best_rider_2_act_3 best_rider_2_area
279 13858.838287361157 13858.838287361157 296.56117297755844 766.7558754810169 0.0 0.0
rider 3 = {424, 226, 113, 215, 23, 86, 116, 493, 118, 227, 24, 121, 25, 124, 125, 432, 127, 416, 130, 44, 132, 451, 230, 434, 139, 87, 231, 141, 142, 207, 494, 150, 152, 31, 157, 234, 156, 438, 1, 246, 50, 47, 161, 457, 165, 33, 168, 170, 441, 174, 238, 442, 177, 178, 239, 36, 7, 182, 186, 455, 188, 189, 445, 38, 242, 194, 200, 40, 244, 306, 448, 12, 307, 308, 266, 94, 268, 326, 257, 65, 464, 331, 420, 473, 66, 461, 337, 217, 84, 98, 341, 95, 349, 356, 71, 19, 275, 218, 367, 368, 369, 96, 374, 278, 259, 380, 386, 387, 467, 393, 222, 485, 78, 395, 97, 401, 260, 487, 204, 488, 490, 301, 99, 497, 119, 270, 54, 138, 495, 181}
best_rider_2_centroid best_rider_2_obj best_rider_2_radius best_rider_2_act_1 best_rider_2_act_2 best_rider_2_act_3 best_rider_2_area
95 12121.421207817068 12121.421207817068 305.27060257124566 828.5868346401883 0.0 0.0
obj time iter vio 
104523.02189249918 0 0 0
104472.41459234784 0 1 0
97372.54523118667 0 2 0
97355.86589704466 0 3 0
97290.81191791769 0 4 0
97206.34565714232 0 5 0
97108.43658027379 0 6 0
97105.68001402983 0 7 0
97104.0240223012 0 8 0
97006.00875674612 1 9 0
96946.25366063837 1 10 0
96878.2454840636 1 11 0
96853.99921845409 1 12 0
96853.891876515 1 13 0
96845.65487084951 1 14 0
96799.64565750276 1 15 0
96795.33329874967 1 16 0
96756.35993951047 1 17 0
96715.47840080007 1 18 0
96686.83865316953 2 19 0
96649.55507646706 2 20 0
96629.65488402687 2 21 0
96609.7751788038 2 22 0
96609.11185609845 2 23 0
96600.60154353245 2 24 0
96600.2729022004 2 25 0
96596.36236868582 2 26 0
96576.1958375065 3 27 0
96575.43380113394 3 28 0
96567.90551514621 3 29 0
96566.67470963739 3 30 0
96524.15596476261 3 31 0
96488.51178611633 3 32 0
96435.06407612878 4 33 0
96402.09352895548 5 34 0
96401.24550904553 5 35 0
96353.11315115675 8 36 0
96350.26627285086 12 37 0
96350.25044684831 13 38 0
96336.38292527819 13 39 0
96292.88592488653 13 40 0
96292.56840373891 13 41 0
96273.48418432455 14 42 0
96273.28737388887 14 43 0
96271.2112298891 14 44 0
96249.50950737466 14 45 0
96244.65594783406 14 46 0
96182.7383572716 14 47 0
96169.70414393482 14 48 0
96165.12987421537 15 49 0
96113.86355035871 15 50 0
96046.19599873367 15 51 0
95990.96535517092 15 52 0
95974.24730535108 15 53 0
95970.07239527376 16 54 0
95937.94481670181 16 55 0
95934.05082011953 16 56 0
95866.38326849448 20 57 0
95836.33550694172 20 58 0
95772.98555184931 20 59 0
95768.71112245214 20 60 0
95738.79517370033 21 61 0
95738.59375306143 21 62 0
95678.35962023927 21 63 0
95653.4628317952 21 64 0
95631.83001873524 21 65 0
95597.25701579546 21 66 0
95590.8740341186 25 67 0
95571.6094714528 25 68 0
95470.39112253135 25 69 0
95455.85187770292 25 70 0
95406.03951854867 26 71 0
95335.55911697992 26 72 0
95287.96769244605 26 73 0
95202.35416943995 26 74 0
95185.24169232216 27 75 0
95173.50578435787 27 76 0
95152.63997840024 27 77 0
95096.55682348074 28 78 0
95096.32435829971 28 79 0
95049.44148681629 28 80 0
95008.5599481059 29 81 0
95004.44468065805 29 82 0
94997.2940296815 30 83 0
94992.20222580142 30 84 0
94979.07973594191 30 85 0
94949.16426337615 30 86 0
94929.37772334328 31 87 0
94857.45720669629 31 88 0
94796.94030604778 31 89 0
94792.69627177811 38 90 0
94785.94870695354 39 91 0
94761.26452275008 42 92 0
94746.38813361188 43 93 0
94690.09110925687 46 94 0
94654.36738374633 46 95 0
94630.26496804229 46 96 0
94610.30529105141 47 97 0
94596.08179088676 47 98 0
94591.92382179874 51 99 0
94590.36682266976 51 100 0
94586.99865718778 51 101 0
94571.50990564603 51 102 0
94563.95181429245 51 103 0
94507.71945150578 51 104 0
94488.37211753096 51 105 0
94463.00095878559 51 106 0
94460.36628303508 52 107 0
94398.9073369311 52 108 0
94398.02325638273 52 109 0
94337.50635573422 52 110 0
94334.72740366208 52 111 0
94271.88070310457 53 112 0
94238.7203704688 53 113 0
94221.30811548656 63 114 0
94218.71399799456 64 115 0
94157.25505189059 68 116 0
94150.10440091405 68 117 0
94109.22286220365 68 118 0
94093.87880320531 72 119 0
94090.97476051105 73 120 0
94055.75683174051 73 121 0
94035.34648165152 81 122 0
93946.71936250204 81 123 0
93942.17504868166 85 124 0
93922.71284679507 85 125 0
93862.19594614656 85 126 0
93843.59880766048 85 127 0
93829.23889321003 93 128 0
93772.79692319277 93 129 0
93755.48931990418 94 130 0
93596.34330563288 101 131 0
93507.11950160858 120 132 0
93492.0808850782 124 133 0
93472.8163224124 124 134 0
93471.86919968876 128 135 0
93469.87332670664 128 136 0
93469.80290270604 129 137 0
93393.01767229845 129 138 0
93288.07785780352 129 139 0
93281.49477124172 129 140 0
93278.93383149513 129 141 0
93268.51936052677 129 142 0
93239.90756831587 130 143 0
93192.6806143435 130 144 0
93160.62604712971 130 145 0
93144.97090533985 130 146 0
93140.33944138621 130 147 0
93094.93961379756 130 148 0
93037.54784821362 130 149 0
92980.95832074014 131 150 0
92931.8619744927 131 151 0
92916.45295076621 131 152 0
92878.99186364727 131 153 0
92852.28172041175 131 154 0
92829.04202946842 131 155 0
92742.23737790014 131 156 0
92674.38366759244 131 157 0
92639.68117578344 131 158 0
92626.16380141518 135 159 0
92588.88659171 135 160 0
92558.83883015724 135 161 0
92544.22348825858 136 162 0
92497.51302068165 139 163 0
92471.74972209535 139 164 0
92418.25829600361 140 165 0
92296.72084737929 140 166 0
92170.59078413768 140 167 0
92163.04211655166 141 168 0
92122.69039509162 141 169 0
92098.43119815394 142 170 0
92095.71900963559 142 171 0
92068.50360106702 142 172 0
92056.66689212545 143 173 0
92035.26871954525 143 174 0
91894.81200546291 143 175 0
91840.51165776025 144 176 0
91750.57204844867 144 177 0
91741.5690248871 144 178 0
91663.34465151026 144 179 0
91641.30357019973 145 180 0
91613.37495934802 145 181 0
91513.94792310409 145 182 0
91511.72586049502 145 183 0
91483.04756114486 145 184 0
91349.6363034496 146 185 0
91321.58748259331 146 186 0
91295.54488182186 146 187 0
91272.31142299512 147 188 0
91270.83742031027 147 189 0
91268.90214282126 151 190 0
91235.86641932148 151 191 0
91230.46632204475 151 192 0
91226.39854391718 151 193 0
91164.50685356761 152 194 0
91149.21884997726 152 195 0
91074.9188053224 152 196 0
91024.09388389463 152 197 0
91013.8518351689 152 198 0
91012.6192997118 156 199 0
90902.17472673094 156 200 0
90884.96951360947 156 201 0
90850.74856179518 156 202 0
90722.90197425324 157 203 0
90711.57089262674 157 204 0
90606.35559026236 157 205 0
90581.40541143154 158 206 0
90567.48988471032 158 207 0
90564.57867898051 158 208 0
90564.07785817495 159 209 0
90491.29918990875 159 210 0
90489.46448492596 159 211 0
90474.7831203257 159 212 0
90428.38816618462 159 213 0
90428.37600979143 159 214 0
90349.6302701119 160 215 0
90315.4093182976 160 216 0
90130.0598058715 160 217 0
90078.57777455951 160 218 0
90070.76859779094 160 219 0
89936.3860070159 161 220 0
89927.4608379696 161 221 0
89860.00149102558 161 222 0
89849.29053526897 162 223 0
89805.92503352079 166 224 0
89628.68344269202 166 225 0
89628.41600950828 167 226 0
89478.31120629671 167 227 0
89474.4462594887 167 228 0
89473.46943710922 170 229 0
89387.97435840526 173 230 0
89306.37353088401 174 231 0
89301.96629575371 174 232 0
89203.1566207449 174 233 0
89103.44082721714 178 234 0
89102.83610177462 178 235 0
89037.99907426 178 236 0
89028.98897923608 179 237 0
88997.01863560342 179 238 0
88971.95576869059 179 239 0
88915.5529438179 179 240 0
88804.00980470318 179 241 0
88734.15874358988 179 242 0
88688.55119812363 180 243 0
88416.7852608012 180 244 0
88390.97145355525 180 245 0
88240.21928326841 181 246 0
88228.88820164191 181 247 0
88115.6147737474 182 248 0
88112.84175951371 182 249 0
88069.59805508656 182 250 0
88069.20140218684 183 251 0
88017.71937087484 183 252 0
87984.51236303576 184 253 0
87966.67854577876 184 254 0
87878.2034438593 184 255 0
87863.57991673873 185 256 0
87717.97649321482 185 257 0
87613.19282116329 185 258 0
87596.31772044237 186 259 0
87569.14628533028 186 260 0
87481.32994911932 187 261 0
87209.56401179689 187 262 0
87203.44907478326 188 263 0
87100.91546848898 188 264 0
87011.18200031674 189 265 0
86997.32109526625 189 266 0
86922.06278569183 190 267 0
86902.65303076005 190 268 0
86901.8005710337 190 269 0
86901.09143474251 194 270 0
86810.17321750973 194 271 0
86751.48218632535 194 272 0
86700.44649838311 194 273 0
86699.8290045321 195 274 0
86639.97635366394 195 275 0
86637.5458961852 195 276 0
86513.88152203975 195 277 0
86487.30855720706 196 278 0
86405.00728987962 196 279 0
86384.62826474302 196 280 0
86235.21664803507 196 281 0
86154.19195268163 197 282 0
85864.40336820629 197 283 0
85719.15959667912 197 284 0
85718.43020987429 197 285 0
85479.8927705648 197 286 0
85428.68344174395 198 287 0
85385.87645180314 198 288 0
85275.43187882227 198 289 0
84938.55280899888 198 290 0
84918.7249645057 202 291 0
84917.89602895745 202 292 0
84877.8534313699 202 293 0
84867.26140333532 202 294 0
84755.9276822372 202 295 0
84751.1488205012 203 296 0
84662.33244381184 203 297 0
84631.99128704047 203 298 0
84628.52903856347 207 299 0
84616.46738673159 208 300 0
84546.14812232924 208 301 0
84460.92057807033 208 302 0
84257.32636958318 208 303 0
84060.0944541941 209 304 0
83863.6212599477 209 305 0
83848.75499349729 209 306 0
83834.18269389088 210 307 0
83832.96907601051 210 308 0
83786.45870023695 210 309 0
83721.22521947256 210 310 0
83606.45365480102 211 311 0
83517.79539750278 211 312 0
83507.40327288077 212 313 0
83503.31609779908 212 314 0
83394.25108381145 212 315 0
83061.68436938278 212 316 0
82998.0489853647 213 317 0
82896.31569078068 213 318 0
82805.3934704518 217 319 0
82727.71946803774 218 320 0
82657.5017648762 218 321 0
82507.14189609926 218 322 0
82455.9644467659 219 323 0
82436.73889380382 219 324 0
82390.84109554275 220 325 0
82355.56984055464 224 326 0
82215.73598456093 225 327 0
82211.16358898567 225 328 0
82210.32885634039 226 329 0
82206.40661791408 229 330 0
82136.11180076684 230 331 0
82120.67045230108 230 332 0
82010.22587932022 230 333 0
81881.29344596693 230 334 0
81874.09511549064 231 335 0
81804.94539729909 245 336 0
81779.13159005313 246 337 0
81615.36200813213 247 338 0
81574.32905015069 247 339 0
81524.34062067867 247 340 0
81508.85957313531 248 341 0
81423.95344677345 251 342 0
81414.57555533916 252 343 0
81354.52035265914 253 344 0
81075.38037452553 253 345 0
81037.25137427457 254 346 0
81030.61006500949 254 347 0
80982.92512756247 254 348 0
80975.59002256645 258 349 0
80952.42773711984 258 350 0
80899.48763093095 258 351 0
80849.50617895203 258 352 0
80783.56040472683 258 353 0
80578.14778368006 259 354 0
80577.41367516154 259 355 0
80562.52056820403 259 356 0
80547.29017744145 259 357 0
80491.59651059263 259 358 0
80477.84232802193 263 359 0
80425.74533507205 268 360 0
80378.76741231079 268 361 0
80293.86128594894 271 362 0
80206.85334733487 271 363 0
80201.81133894889 272 364 0
80151.03863837736 272 365 0
80143.19510287768 272 366 0
80071.51017369988 275 367 0
79907.00148970373 276 368 0
79890.90570514635 276 369 0
79758.68586185583 276 370 0
79755.84330185874 276 371 0
79616.05122857237 277 372 0
79615.03011303171 277 373 0
79535.11893100361 277 374 0
79518.27390583513 277 375 0
79444.20560710497 278 376 0
79399.33930034208 278 377 0
79353.4389163264 278 378 0
79317.42622106231 279 379 0
79293.847944046 283 380 0
79196.4518478059 287 381 0
79061.23440008986 287 382 0
78980.50661356124 295 383 0
78956.92833654495 295 384 0
78887.01354200394 295 385 0
78844.7264997686 296 386 0
78823.87580616008 296 387 0
78822.69072889806 296 388 0
78699.79379976759 296 389 0
78662.89321177486 300 390 0
78661.87058836411 301 391 0
78498.10100644309 301 392 0
78456.89213884599 302 393 0
78409.61670748284 302 394 0
78344.5154849297 303 395 0
78296.42299514741 307 396 0
78210.07962028902 307 397 0
78169.50856543268 308 398 0
78125.17202902191 308 399 0
78124.0579119198 309 400 0
78117.53449919782 309 401 0
78094.96345699436 309 402 0
78069.94538778785 310 403 0
77987.97902473623 313 404 0
77884.19852046823 314 405 0
77834.15027559234 314 406 0
77788.6335855394 314 407 0
77785.42304587227 315 408 0
77585.1043756031 315 409 0
77549.52493258401 316 410 0
77535.10383543334 317 411 0
77314.9084437469 317 412 0
77298.9644745835 317 413 0
77273.17328110262 317 414 0
77216.8001219728 317 415 0
77195.94942836429 318 416 0
77082.43914299678 318 417 0
77044.01213660827 318 418 0
77035.1480516351 319 419 0
77029.74059287421 319 420 0
76932.9586372863 319 421 0
76916.49643805492 319 422 0
76900.079459114 320 423 0
76855.83421449826 320 424 0
76774.67841547997 320 425 0
76745.94111321625 321 426 0
76723.73225426617 321 427 0
76709.84557212997 327 428 0
76467.80810829063 330 429 0
76399.92481022181 330 430 0
76380.22887854227 331 431 0
76378.76168263885 335 432 0
76293.26658350317 336 433 0
76286.72728771628 337 434 0
76227.961770693 337 435 0
76223.00354398295 337 436 0
75980.13138970234 337 437 0
75889.11448125073 337 438 0
75680.14304552137 338 439 0
75678.07387843276 339 440 0
75545.28321862903 339 441 0
75453.69023672138 340 442 0
75445.0426255635 341 443 0
75418.83818387533 344 444 0
75403.80348451245 345 445 0
75325.75913511404 345 446 0
75302.21862849659 346 447 0
75280.36986323887 347 448 0
75178.08093451898 354 449 0
75083.91336400917 354 450 0
74995.43025112791 358 451 0
74823.58421944836 359 452 0
74808.54186284139 360 453 0
74792.07330334505 361 454 0
74770.63658545815 361 455 0
74735.1788202874 361 456 0
74734.99341839954 362 457 0
74725.73724491199 362 458 0
74678.44410695779 363 459 0
74584.56406014225 363 460 0
74454.07343569834 367 461 0
74447.48626946622 368 462 0
74440.94262999245 368 463 0
74398.26444789102 368 464 0
74392.13169749841 369 465 0
74361.774805315 369 466 0
74285.94268676544 370 467 0
74238.50914668362 370 468 0
74225.40837204322 371 469 0
74114.12077628919 371 470 0
74033.32421909527 371 471 0
73965.7431086718 371 472 0
73943.05024783844 372 473 0
73908.75020682458 373 474 0
73819.4888376059 376 475 0
73752.65483876274 377 476 0
73740.03629813994 384 477 0
73739.88486577934 385 478 0
73725.95927584748 385 479 0
73720.81637274145 386 480 0
73673.82288945348 387 481 0
73616.39695772747 387 482 0
73603.59031094162 388 483 0
73587.28857257176 388 484 0
73411.12435010323 389 485 0
73397.69670992564 389 486 0
73389.35082704457 390 487 0
73326.89381752463 390 488 0
73320.92082529554 390 489 0
73295.05930220042 390 490 0
73254.27027849996 390 491 0
73198.7752751237 391 492 0
73195.42732807952 394 493 0
73134.11918586318 395 494 0
73131.58485498838 395 495 0
73109.21682327749 395 496 0
73038.89084371753 396 497 0
73031.86283236096 397 498 0
73028.49960055939 398 499 0
72967.19145834303 398 500 0
72949.09244653629 398 501 0
72941.91952170058 398 502 0
72668.7373170877 399 503 0
72667.11008131535 399 504 0
72634.61806639626 402 505 0
72367.83477533581 402 506 0
72305.99950756037 402 507 0
72199.90158415596 402 508 0
72144.08263713233 407 509 0
72046.82943162716 407 510 0
72044.78445373323 408 511 0
72005.59528975785 409 512 0
71890.89603349788 409 513 0
71886.86802680451 413 514 0
71835.2232813661 417 515 0
71817.09706173521 418 516 0
71800.14178769314 418 517 0
71798.28133592375 419 518 0
71797.2227123741 419 519 0
71574.72372626569 420 520 0
71535.86431767879 420 521 0
71513.71038191699 420 522 0
71359.9837111223 421 523 0
71337.43878475355 421 524 0
71291.81179745487 422 525 0
71241.38313824142 423 526 0
71174.38980137509 424 527 0
71129.51702967743 425 528 0
71098.94383544041 425 529 0
71084.13006219783 426 530 0
70888.19303765132 427 531 0
70820.30973958249 428 532 0
70809.1152957277 429 533 0
70782.21122961472 429 534 0
70779.05205730886 431 535 0
70720.98140901975 435 536 0
70593.44555533242 435 537 0
70592.1785141519 436 538 0
70582.8695833828 436 539 0
70517.31649917796 438 540 0
70483.63044392492 439 541 0
70481.66752956709 440 542 0
70314.00422034826 441 543 0
70291.10470657538 448 544 0
70260.07809241749 449 545 0
70147.52212096928 453 546 0
70141.50107467346 454 547 0
69976.78460297873 455 548 0
69975.66783977671 455 549 0
69845.94054037373 456 550 0
69807.88924033071 456 551 0
69770.88128128657 457 552 0
69664.93745799424 457 553 0
69640.40844316251 458 554 0
69599.54558794406 458 555 0
69588.62127074142 459 556 0
69579.08128831009 460 557 0
69578.6817501656 460 558 0
69567.49465297686 461 559 0
69444.01882194469 462 560 0
69301.45812203424 463 561 0
69244.88166006497 464 562 0
69138.43602090342 464 563 0
69088.54989674286 465 564 0
69083.6172370381 467 565 0
68926.58047382638 468 566 0
68779.37710975038 468 567 0
68649.27861799313 469 568 0
68644.76189440652 484 569 0
68543.78869800747 485 570 0
68499.04389806528 485 571 0
68449.7226045143 486 572 0
68425.5391131092 487 573 0
68417.43861480153 487 574 0
68357.47837048641 488 575 0
68186.5908212179 489 576 0
68077.88224753189 493 577 0
68042.43063727563 494 578 0
67960.42107234466 495 579 0
67907.70228316453 496 580 0
67880.70013020147 502 581 0
67874.47881882911 503 582 0
67792.46925389813 508 583 0
67755.47816059327 508 584 0
67682.2190293153 512 585 0
67665.51005492397 513 586 0
67635.25801237373 514 587 0
67615.76984160011 514 588 0
67559.57670475417 515 589 0
67282.35634987763 515 590 0
67282.08054216576 517 591 0
67195.35086086733 518 592 0
67033.82292606735 519 593 0
66926.18599268 519 594 0
66916.5511824874 521 595 0
66879.93299722747 527 596 0
66867.0768249892 528 597 0
66861.17727047243 530 598 0
66783.94160399752 531 599 0
66674.94827620182 531 600 0
66669.88194300639 532 601 0
66648.79863357755 536 602 0
66631.72862073749 537 603 0
66573.29756327572 537 604 0
66489.88881231692 538 605 0
66461.70420855009 547 606 0
66432.04408061226 548 607 0
66393.39550565254 549 608 0
66273.2397353989 550 609 0
66266.63906192919 550 610 0
66257.31402801748 551 611 0
66114.97633848648 552 612 0
66044.30673581612 553 613 0
66018.73821501463 554 614 0
66015.53106961597 555 615 0
65984.43549500991 556 616 0
65981.79880809823 560 617 0
65970.39924643413 560 618 0
65836.21191431004 561 619 0
65797.4156598665 562 620 0
65700.1666619433 562 621 0
65656.9466209187 563 622 0
65656.66427427657 563 623 0
65524.43815679534 564 624 0
65510.80358978055 565 625 0
65366.06518390127 567 626 0
65327.89749986255 568 627 0
65237.37578516209 568 628 0
65088.92735126885 569 629 0
65043.36891524009 574 630 0
65032.805484359174 574 631 0
64961.901367886414 575 632 0
64855.89080046401 575 633 0
64853.30593671484 578 634 0
64798.57594301388 578 635 0
64728.058931844804 580 636 0
64605.93073478154 582 637 0
64559.263996576236 585 638 0
64536.52950369186 586 639 0
64519.95909825794 589 640 0
64518.6334818259 589 641 0
64497.992526078175 589 642 0
64463.86534924612 590 643 0
64431.64093252001 591 644 0
64291.940986254805 592 645 0
64270.54448591487 593 646 0
64226.04617878811 594 647 0
64082.21646885744 595 648 0
64057.80085237469 597 649 0
64053.322790843325 598 650 0
64034.92487483938 603 651 0
63702.31991224165 603 652 0
63693.01362834639 605 653 0
63671.86699468138 608 654 0
63648.13856403624 612 655 0
63620.92769803442 624 656 0
63607.94683048485 629 657 0
63566.2431662537 632 658 0
63514.65315376231 635 659 0
63460.81769620327 638 660 0
63363.0363808938 645 661 0
63359.83294164879 646 662 0
63311.207200378165 653 663 0
63289.26857396488 658 664 0
63277.37938645529 660 665 0
63142.099902303074 661 666 0
63113.32480756018 661 667 0
63094.01073796259 666 668 0
62974.5415700447 666 669 0
62972.16960875081 677 670 0
62969.1052419665 683 671 0
62924.56353284168 696 672 0
62906.53742446793 700 673 0
62899.4559614262 703 674 0
62745.12257238143 714 675 0
62727.99668118387 717 676 0
62716.97947808968 720 677 0
62618.56956736701 723 678 0
62613.59586735645 726 679 0
62612.94205223602 728 680 0
62598.033948766926 729 681 0
62597.30501774773 737 682 0
62586.438394501114 742 683 0
62527.953597552645 749 684 0
62504.31116360275 750 685 0
62429.551109825996 751 686 0
62427.57373520918 756 687 0
62414.745797868396 756 688 0
62372.4984858782 757 689 0
62336.246493746024 764 690 0
62320.24949595631 765 691 0
62198.73793899273 765 692 0
62067.47947814322 770 693 0
61929.9969312466 775 694 0
61866.816248271316 779 695 0
61861.51054850324 783 696 0
61809.46032246118 784 697 0
61748.65468261627 788 698 0
61683.809163276965 793 699 0
61523.03305298882 809 700 0
61458.39229478414 819 701 0
61353.37962369237 825 702 0
61352.15908637078 831 703 0
61335.107479688944 838 704 0
61327.24919792884 846 705 0
61319.60878493839 848 706 0
61317.43891592852 852 707 0
61294.40267870833 857 708 0
61143.00982461653 861 709 0
61132.96834197933 862 710 0
61081.92747845625 876 711 0
61053.91089633807 884 712 0
61006.68985962015 885 713 0
60999.25664969 887 714 0
60922.85613169999 894 715 0
60902.15243389309 908 716 0
60868.27844265914 909 717 0
60816.770967006436 926 718 0
60671.97719686549 929 719 0
60555.116331868565 934 720 0
60517.72022543361 943 721 0
60515.78006008389 951 722 0
60496.848155337444 966 723 0
60390.15102389456 975 724 0
60370.25617347662 976 725 0
60296.656167350055 983 726 0
60174.994754184285 985 727 0
60170.51669265292 993 728 0
60098.94335999382 993 729 0
59977.43180303024 1003 730 0
59950.12530423792 1009 731 0
59949.84463298563 1010 732 0
59923.80195214043 1011 733 0
59887.55269384856 1011 734 0
59882.247206300104 1018 735 0
59696.10113905369 1039 736 0
59688.47265699702 1048 737 0
59676.08338015958 1049 738 0
59648.71143925193 1050 739 0
59609.54503281649 1058 740 0
59576.17256226917 1070 741 0
59528.374417503495 1071 742 0
59452.851570610284 1073 743 0
59424.632843288455 1073 744 0
59324.17711826552 1075 745 0
59157.41117310687 1076 746 0
58971.116497855146 1078 747 0
58930.53039030098 1079 748 0
58926.95709856646 1085 749 0
58766.43084910752 1093 750 0
58738.9969142489 1098 751 0
58727.38368421063 1110 752 0
58636.87332375882 1111 753 0
58634.1999165292 1116 754 0
58619.2100216685 1118 755 0
58383.22074080746 1126 756 0
58379.26194492614 1132 757 0
58106.761305512555 1155 758 0
58084.812735323285 1156 759 0
58076.8358762649 1158 760 0
58021.15108683192 1175 761 0
58014.488539105456 1189 762 0
57982.34340363131 1200 763 0
57958.08532072877 1206 764 0
57845.33038889866 1208 765 0
57837.68053484404 1215 766 0
57687.63469068264 1216 767 0
57642.47872837994 1217 768 0
57615.04041694031 1217 769 0
57468.09345087016 1218 770 0
57316.75686033741 1227 771 0
57309.789378955655 1233 772 0
57297.530276393794 1237 773 0
57284.117222635236 1238 774 0
57146.10595090833 1242 775 0
56941.25392035772 1261 776 0
56941.032353655966 1264 777 0
56834.36769674579 1282 778 0
56831.41321436598 1283 779 0
56816.01078224609 1300 780 0
56814.54501044771 1315 781 0
56806.73141408116 1348 782 0
56764.834492125985 1365 783 0
56739.27611830738 1368 784 0
56732.03953905257 1370 785 0
56722.35528949274 1384 786 0
56606.057401591555 1389 787 0
56460.07288730144 1395 788 0
56435.47677130521 1408 789 0
56408.27701279755 1409 790 0
56402.03301440977 1421 791 0
56303.90059702864 1436 792 0
56258.48772850748 1439 793 0
56247.91721058432 1440 794 0
56181.808819779166 1450 795 0
56180.06367320392 1453 796 0
56165.66867052503 1457 797 0
56164.76686001246 1480 798 0
56129.80659367266 1506 799 0
56089.46314001488 1507 800 0
55969.68641105354 1516 801 0
55944.50142864631 1557 802 0
55865.83411653193 1568 803 0
55730.2977396845 1571 804 0
55720.89755778745 1623 805 0
55709.73030296419 1684 806 0
55706.46848169877 1689 807 0
55685.230909389255 1699 808 0
55563.937663005076 1705 809 0
55519.14608989361 1707 810 0
55512.946331325875 1715 811 0
55394.026251741205 1724 812 0
55333.31128755153 1724 813 0
55321.08288951957 1734 814 0
55294.71793499812 1735 815 0
55152.213021065436 1763 816 0
55078.772303631755 1765 817 0
54951.30091461682 1767 818 0
54944.2163332529 1791 819 0
54859.69963888197 1795 820 0
54831.51741262208 1803 821 0
54723.39484444868 1805 822 0
54719.893480205305 1834 823 0
54689.6302946507 1837 824 0
54664.17920643508 1839 825 0
54620.609389445184 1858 826 0
54615.75193686164 1861 827 0
54592.19245821199 1870 828 0
54415.745719511244 1875 829 0
54382.15155796511 1902 830 0
54379.52710122505 1923 831 0
54319.28207525094 1926 832 0
54280.20402899306 1947 833 0
54257.45428454748 1989 834 0
54228.643576104216 1994 835 0
54181.628266125204 1996 836 0
53981.67318030191 1999 837 0
53862.836808926346 2029 838 0
53862.045269087124 2049 839 0
53861.37283570152 2070 840 0
53817.01481554996 2078 841 0
53809.60621484944 2117 842 0
53776.96730007055 2122 843 0
53678.61331598768 2143 844 0
53633.85634444781 2152 845 0
53606.86440071657 2170 846 0
53473.05174644516 2219 847 0
53451.49108891849 2225 848 0
53443.79817455106 2249 849 0
53425.26777932765 2278 850 0
53423.573248799716 2279 851 0
53419.49440758713 2302 852 0
53273.67792719942 2304 853 0
53245.382618046126 2323 854 0
53240.16382785829 2335 855 0
53234.00458948122 2343 856 0
53230.7427682158 2351 857 0
53135.65060539835 2353 858 0
53131.83221125984 2356 859 0
53088.85208718357 2358 860 0
53084.37981389998 2378 861 0
53074.77855529157 2390 862 0
53068.11483095633 2400 863 0
53022.59687756639 2407 864 0
52994.66820945004 2430 865 0
52988.91012063912 2433 866 0
52889.79364109015 2471 867 0
52750.044621662484 2475 868 0
52732.82751020607 2521 869 0
52727.10171285673 2531 870 0
52668.38354802736 2555 871 0
52544.24588199767 2560 872 0
52532.76880060337 2580 873 0
52492.335412585395 2599 874 0
52431.6454900644 2621 875 0
52422.38078468897 2628 876 0
52408.38907616064 2628 877 0
52402.92198301157 2634 878 0
52184.892956317315 2637 879 0
52177.45511551168 2644 880 0
52162.441351609545 2662 881 0
52108.081843600434 2666 882 0
52071.4954251782 2697 883 0
52061.55958067676 2758 884 0
52049.465848608095 2763 885 0
52040.24631004604 2790 886 0
51988.15815340036 2847 887 0
51956.40900426267 2857 888 0
51948.310140931666 2922 889 0
51860.81024841698 2926 890 0
51847.46692466963 2928 891 0
51842.39112284689 2950 892 0
51815.18408758032 2952 893 0
51767.31414167094 2989 894 0
51613.505439922264 2993 895 0
51577.58242708474 3000 896 0
51560.36531562832 3006 897 0
51551.178148563595 3058 898 0
51539.29246824348 3062 899 0
51520.86505917559 3068 900 0
51502.159710429434 3090 901 0
51484.723417280926 3093 902 0
51466.9122843388 3121 903 0
51422.15531279893 3124 904 0
51416.68821964986 3148 905 0
51415.17209164931 3156 906 0
51402.81354058006 3158 907 0
51380.618920012406 3160 908 0
51349.6655484661 3317 909 0
51338.998831874225 3369 910 0
51330.363814234865 3434 911 0
51319.30739349889 3574 912 0
51207.49145462316 3625 913 0
