instance_name algorithm_name iter_idx best_objective running_time
DU500-P20-0 local_search 9 92514.75560090535 0.732648
nb_riders nb_polygons
20 500
rider 0 = {257, 130, 6, 141, 155, 295, 298, 441, 316, 320, 192, 450, 325, 71, 203, 339, 211, 214, 89, 223, 225, 102, 486, 234, 107, 495, 368}
best_rider_2_centroid best_rider_2_obj best_rider_2_radius best_rider_2_act_1 best_rider_2_act_2 best_rider_2_act_3 best_rider_2_area
130 5288.5480350944845 5288.5480350944845 62.426709640829756 161.29316521274927 0.0 0.0
rider 1 = {136, 264, 268, 408, 415, 292, 167, 424, 39, 47, 307, 315, 66, 322, 460, 337, 475, 482, 356, 104, 492, 365, 371}
best_rider_2_centroid best_rider_2_obj best_rider_2_radius best_rider_2_act_1 best_rider_2_act_2 best_rider_2_act_3 best_rider_2_area
268 4284.641868132262 4284.641868132262 58.34184109843051 164.76823689137493 0.0 0.0
rider 2 = {262, 263, 145, 22, 23, 283, 158, 41, 431, 437, 59, 63, 194, 453, 455, 332, 84, 474, 96, 97, 227, 232, 491, 369, 499, 244}
best_rider_2_centroid best_rider_2_obj best_rider_2_radius best_rider_2_act_1 best_rider_2_act_2 best_rider_2_act_3 best_rider_2_area
262 4403.180112305447 4403.180112305447 59.19310028860031 167.4377114996873 0.0 0.0
rider 3 = {258, 131, 265, 266, 273, 275, 148, 289, 419, 42, 427, 297, 430, 432, 438, 186, 456, 74, 81, 350, 226, 357, 362, 489, 364}
best_rider_2_centroid best_rider_2_obj best_rider_2_radius best_rider_2_act_1 best_rider_2_act_2 best_rider_2_act_3 best_rider_2_area
81 3944.8932471380485 3944.8932471380485 58.85966423031167 165.22830225854898 0.0 0.0
rider 4 = {0, 4, 261, 134, 137, 285, 177, 317, 446, 67, 68, 197, 201, 204, 468, 472, 216, 219, 478, 95, 238, 374, 249, 378, 383}
best_rider_2_centroid best_rider_2_obj best_rider_2_radius best_rider_2_act_1 best_rider_2_act_2 best_rider_2_act_3 best_rider_2_area
68 5464.11888100611 4616.345534232547 64.39442546752467 174.66390365874844 0.0 0.0
rider 5 = {384, 394, 15, 402, 19, 404, 28, 418, 172, 52, 55, 58, 70, 72, 328, 334, 207, 79, 477, 98, 355, 115, 372, 251, 252, 126}
best_rider_2_centroid best_rider_2_obj best_rider_2_radius best_rider_2_act_1 best_rider_2_act_2 best_rider_2_act_3 best_rider_2_area
72 5126.169735318334 4918.562325713622 63.788076967744686 158.31848544932691 0.0 0.0
rider 6 = {146, 276, 21, 150, 411, 412, 156, 31, 179, 308, 312, 61, 445, 319, 193, 323, 198, 222, 488, 367, 373, 125, 123, 381, 127}
best_rider_2_centroid best_rider_2_obj best_rider_2_radius best_rider_2_act_1 best_rider_2_act_2 best_rider_2_act_3 best_rider_2_area
179 4349.72797263022 4349.72797263022 57.996643022145555 173.71458151739458 0.0 0.0
rider 7 = {387, 260, 135, 393, 140, 269, 32, 291, 164, 44, 51, 439, 440, 60, 65, 69, 200, 76, 210, 338, 340, 351, 103, 493, 110, 247, 124}
best_rider_2_centroid best_rider_2_obj best_rider_2_radius best_rider_2_act_1 best_rider_2_act_2 best_rider_2_act_3 best_rider_2_area
140 4874.183583789113 4874.183583789113 62.518922983087506 168.69515554098749 0.0 0.0
rider 8 = {388, 133, 391, 397, 143, 407, 406, 281, 286, 421, 166, 296, 170, 426, 303, 176, 182, 311, 56, 458, 99, 108, 375}
best_rider_2_centroid best_rider_2_obj best_rider_2_radius best_rider_2_act_1 best_rider_2_act_2 best_rider_2_act_3 best_rider_2_area
296 4227.282806421976 4227.282806421976 63.430653375210476 158.49427247975527 0.0 0.0
rider 9 = {270, 271, 17, 401, 279, 153, 409, 299, 301, 57, 313, 329, 331, 464, 82, 213, 470, 93, 94, 353, 228, 111, 242, 114, 243, 370, 118}
best_rider_2_centroid best_rider_2_obj best_rider_2_radius best_rider_2_act_1 best_rider_2_act_2 best_rider_2_act_3 best_rider_2_area
270 5269.5154849458395 5269.5154849458395 57.92194730225995 173.6489245857091 0.0 0.0
rider 10 = {1, 385, 3, 132, 392, 399, 272, 30, 420, 423, 43, 300, 304, 435, 436, 191, 461, 80, 465, 354, 360, 237, 239, 112, 250}
best_rider_2_centroid best_rider_2_obj best_rider_2_radius best_rider_2_act_1 best_rider_2_act_2 best_rider_2_act_3 best_rider_2_area
132 4666.158624011393 4666.158624011393 62.134054471392574 162.8909069655034 0.0 0.0
rider 11 = {390, 267, 144, 16, 157, 414, 417, 161, 36, 309, 448, 324, 457, 330, 333, 91, 349, 479, 358, 490, 494, 113, 120, 379}
best_rider_2_centroid best_rider_2_obj best_rider_2_radius best_rider_2_act_1 best_rider_2_act_2 best_rider_2_act_3 best_rider_2_area
494 4481.440354495318 4481.440354495318 58.359320398321216 170.6672972069076 0.0 0.0
rider 12 = {128, 400, 405, 277, 149, 152, 159, 416, 288, 293, 40, 178, 310, 183, 54, 187, 189, 318, 206, 341, 217, 348, 484, 359}
best_rider_2_centroid best_rider_2_obj best_rider_2_radius best_rider_2_act_1 best_rider_2_act_2 best_rider_2_act_3 best_rider_2_area
293 4678.129954542131 4678.129954542131 62.627441920333105 163.60048532531434 0.0 0.0
rider 13 = {14, 147, 27, 284, 282, 162, 425, 171, 173, 306, 185, 443, 188, 73, 202, 85, 342, 344, 473, 88, 347, 90, 224, 101, 361, 363}
best_rider_2_centroid best_rider_2_obj best_rider_2_radius best_rider_2_act_1 best_rider_2_act_2 best_rider_2_act_3 best_rider_2_area
443 4778.183170045097 4778.183170045097 59.93487701846901 170.16090464871476 0.0 0.0
rider 14 = {386, 403, 278, 24, 413, 29, 290, 163, 34, 433, 434, 181, 314, 190, 321, 452, 454, 343, 92, 352, 240, 246, 119, 121}
best_rider_2_centroid best_rider_2_obj best_rider_2_radius best_rider_2_act_1 best_rider_2_act_2 best_rider_2_act_3 best_rider_2_area
403 4272.11281736231 4272.11281736231 58.40339574397789 168.1609879337523 0.0 0.0
rider 15 = {129, 389, 396, 18, 410, 287, 35, 165, 45, 302, 305, 49, 184, 196, 459, 205, 209, 86, 215, 218, 233, 105, 109, 380}
best_rider_2_centroid best_rider_2_obj best_rider_2_radius best_rider_2_act_1 best_rider_2_act_2 best_rider_2_act_3 best_rider_2_area
396 4431.680879990238 4383.153678103625 57.47665954119241 161.46119039604233 0.0 0.0
rider 16 = {2, 395, 142, 274, 151, 25, 26, 154, 37, 38, 422, 294, 429, 174, 46, 175, 180, 199, 83, 212, 220, 221, 480, 229, 377, 253}
best_rider_2_centroid best_rider_2_obj best_rider_2_radius best_rider_2_act_1 best_rider_2_act_2 best_rider_2_act_3 best_rider_2_area
83 4984.9762677032695 4734.3439031501575 63.83110192269309 161.8008095204509 0.0 0.0
rider 17 = {259, 5, 12, 20, 280, 169, 442, 444, 64, 77, 462, 335, 466, 467, 345, 346, 483, 230, 235, 236, 116, 245, 376}
best_rider_2_centroid best_rider_2_obj best_rider_2_radius best_rider_2_act_1 best_rider_2_act_2 best_rider_2_act_3 best_rider_2_area
345 4099.654919116011 4099.654919116011 57.88168451262437 172.20164734344058 0.0 0.0
rider 18 = {8, 9, 138, 11, 13, 33, 48, 50, 53, 195, 326, 75, 463, 208, 469, 87, 471, 100, 487, 106, 241, 497, 254, 382, 255}
best_rider_2_centroid best_rider_2_obj best_rider_2_radius best_rider_2_act_1 best_rider_2_act_2 best_rider_2_act_3 best_rider_2_area
50 4258.230137779166 4258.230137779166 62.742659321781304 162.34313110118123 0.0 0.0
rider 19 = {256, 7, 10, 139, 398, 160, 168, 428, 62, 447, 449, 451, 327, 78, 336, 476, 481, 485, 231, 366, 496, 498, 117, 248, 122}
best_rider_2_centroid best_rider_2_obj best_rider_2_radius best_rider_2_act_1 best_rider_2_act_2 best_rider_2_act_3 best_rider_2_area
62 4631.926749078578 4631.926749078578 58.79338378525996 166.73725706173587 0.0 0.0
obj time iter vio 
213808.14860200716 0 0 108867.06480143555
210505.29021434128 0 1 102619.14448924681
198482.41282124128 1 2 98299.39521085571
196210.7180137265 1 3 98111.02562274295
189631.16462490446 2 4 96264.03077429533
186694.99441715068 3 5 98427.14480247587
184072.78536341334 3 6 97909.77236047157
180734.56150147767 4 7 96544.59524699878
179643.92047731706 5 8 96544.59524699878
174219.74952062586 5 9 85559.57438839716
170231.83387274915 7 10 81755.97226386334
167329.560023457 7 11 80283.90358915199
156890.74144888562 8 12 72094.72387170636
154513.55170999307 8 13 71661.93629108503
152824.22842912594 9 14 67188.06370250911
142214.41705505495 10 15 57868.7782834157
142115.96820038915 11 16 58019.574243097246
135362.20629510167 11 17 46067.74066048217
132326.3665909292 12 18 47705.65766538977
132175.22605411327 12 19 47543.253291995075
131111.72646336816 13 20 53349.25164590639
129957.24490771623 13 21 51406.01814092564
127997.99362110176 14 22 51406.01814092564
127899.93098704987 15 23 50441.49211978863
127834.81210894218 15 24 50371.90361678493
125692.79356188227 18 25 47246.9808262931
122054.069227689 18 26 41676.3973765638
121815.82563483581 19 27 41437.47899689098
120132.9821759713 19 28 37668.598613818576
120115.50653577119 21 29 39633.35958080079
119616.74315863007 21 30 39194.24442675161
119539.11834099542 23 31 38452.23672527852
119424.35662964615 24 32 38452.23672527852
116740.16715420916 26 33 35159.51796528717
116381.26460342549 27 34 35159.51796528717
116121.56631968722 36 35 28337.578012628714
115504.29069577629 38 36 29296.07263953475
111582.14574093689 39 37 25343.461171683437
108439.299636274 41 38 23339.432815404027
107347.62189362093 43 39 22186.80239971378
107296.06590416466 46 40 22096.696154833007
106759.32761526798 48 41 22446.396669001562
105319.17453993588 50 42 18124.928181853895
105189.83645260982 51 43 18018.54033726482
104054.86486967046 52 44 16837.74761108082
103872.4847230389 334 45 14682.36733483052
103856.72059657372 336 46 14682.36733483052
103806.52984000237 339 47 14682.36733483052
102980.99070850754 353 48 13885.740590589987
102948.86023933493 355 49 13885.740590589987
102940.54344993437 357 50 13885.740590589987
101582.61254733644 642 51 10647.172548226146
101515.44246699377 649 52 9961.278382137389
100575.4920890839 668 53 9066.223309865707
99991.15003570823 673 54 8615.361026251529
99866.98851572076 673 55 8615.361026251529
99510.612947545 681 56 8245.241015744947
96484.16046617222 683 57 5948.576805354648
96130.56405373134 686 58 5593.526922457983
96072.5072481126 1230 59 5613.910676253164
95907.72678510945 1233 60 5386.227154930331
95851.91276373 1235 61 5386.227154930331
95839.6385454016 1512 62 5386.227154930331
94521.7054775469 2071 63 4033.339784667036
94516.64962128185 2081 64 4033.339784667036
94509.18018295996 2915 65 4033.339784667036
94451.97952926937 2921 66 4033.339784667036
94419.3901817909 3119 67 4127.890345502487
92514.75560090535 3670 68 2168.496232202695
