instance_name algorithm_name iter_idx best_objective running_time
DU500-P20-0 local_search 3 90632.18200549697 0.306256
nb_riders nb_polygons
20 500
rider 0 = {256, 258, 134, 263, 135, 270, 405, 409, 410, 155, 284, 286, 297, 425, 426, 183, 311, 316, 191, 320, 463, 341, 470, 344, 474, 475, 479, 360, 363}
best_rider_2_centroid best_rider_2_obj best_rider_2_radius best_rider_2_act_1 best_rider_2_act_2 best_rider_2_act_3 best_rider_2_area
270 5908.978041753926 5908.978041753926 61.558203942534504 171.87130885793718 0.0 0.0
rider 1 = {391, 151, 282, 296, 294, 172, 181, 189, 192, 195, 324, 335, 84, 472, 480, 354, 356, 492, 494, 240, 368, 243, 119, 125, 255}
best_rider_2_centroid best_rider_2_obj best_rider_2_radius best_rider_2_act_1 best_rider_2_act_2 best_rider_2_act_3 best_rider_2_area
296 4441.360784424844 4441.360784424844 58.728324829431614 161.52233345176418 0.0 0.0
rider 2 = {128, 139, 9, 156, 421, 45, 300, 309, 56, 443, 60, 187, 58, 321, 322, 454, 336, 481, 483, 235, 370, 374, 249, 382}
best_rider_2_centroid best_rider_2_obj best_rider_2_radius best_rider_2_act_1 best_rider_2_act_2 best_rider_2_act_3 best_rider_2_area
443 4193.553313293768 4193.553313293768 57.61927858642736 170.3477836587637 0.0 0.0
rider 3 = {384, 131, 387, 265, 394, 267, 269, 273, 276, 24, 285, 416, 43, 301, 52, 444, 330, 465, 83, 95, 226, 103, 369, 117, 121, 254}
best_rider_2_centroid best_rider_2_obj best_rider_2_radius best_rider_2_act_1 best_rider_2_act_2 best_rider_2_act_3 best_rider_2_area
43 4833.416792133369 4714.461901611429 63.699424448661915 173.27440570257886 0.0 0.0
rider 4 = {395, 403, 279, 25, 419, 35, 299, 49, 306, 307, 433, 312, 193, 68, 208, 215, 90, 225, 100, 102, 230, 362, 239, 377, 383}
best_rider_2_centroid best_rider_2_obj best_rider_2_radius best_rider_2_act_1 best_rider_2_act_2 best_rider_2_act_3 best_rider_2_area
419 4194.305573730435 4194.305573730435 58.270083617526105 165.95782297737756 0.0 0.0
rider 5 = {133, 7, 141, 143, 16, 402, 404, 413, 414, 39, 304, 310, 439, 188, 317, 455, 457, 459, 80, 88, 222, 493, 367, 126}
best_rider_2_centroid best_rider_2_obj best_rider_2_radius best_rider_2_act_1 best_rider_2_act_2 best_rider_2_act_3 best_rider_2_area
367 5126.752746586529 5126.752746586529 58.126431973158006 169.5010023970153 0.0 0.0
rider 6 = {6, 136, 11, 12, 277, 154, 173, 177, 54, 57, 445, 449, 199, 72, 203, 462, 334, 340, 343, 220, 104, 366, 114, 120, 381}
best_rider_2_centroid best_rider_2_obj best_rider_2_radius best_rider_2_act_1 best_rider_2_act_2 best_rider_2_act_3 best_rider_2_area
72 4405.929213081227 4405.929213081227 60.4277386456849 158.98094763157266 0.0 0.0
rider 7 = {389, 390, 14, 17, 23, 30, 41, 47, 51, 180, 447, 453, 327, 73, 204, 206, 342, 471, 348, 351, 98, 111, 371, 376, 127}
best_rider_2_centroid best_rider_2_obj best_rider_2_radius best_rider_2_act_1 best_rider_2_act_2 best_rider_2_act_3 best_rider_2_area
47 5296.647492381714 5296.647492381714 63.46725736485354 158.2798768684064 0.0 0.0
rider 8 = {264, 397, 15, 278, 27, 159, 291, 292, 165, 168, 174, 437, 185, 71, 202, 76, 461, 212, 91, 349, 488, 233, 498, 248}
best_rider_2_centroid best_rider_2_obj best_rider_2_radius best_rider_2_act_1 best_rider_2_act_2 best_rider_2_act_3 best_rider_2_area
437 4219.334050195416 4219.334050195416 63.35139070461711 161.89012567667166 0.0 0.0
rider 9 = {261, 18, 280, 26, 33, 418, 36, 166, 424, 42, 303, 305, 315, 61, 66, 200, 331, 86, 214, 473, 346, 491, 241, 116}
best_rider_2_centroid best_rider_2_obj best_rider_2_radius best_rider_2_act_1 best_rider_2_act_2 best_rider_2_act_3 best_rider_2_area
280 4576.7660530221365 4576.7660530221365 62.23097660325616 163.57507616870555 0.0 0.0
rider 10 = {1, 257, 274, 22, 29, 157, 160, 420, 430, 176, 441, 314, 328, 337, 210, 211, 466, 94, 97, 484, 357, 365, 495, 242}
best_rider_2_centroid best_rider_2_obj best_rider_2_radius best_rider_2_act_1 best_rider_2_act_2 best_rider_2_act_3 best_rider_2_area
210 4031.9811855273347 4031.9811855273347 57.67877682156057 163.5012607181205 0.0 0.0
rider 11 = {386, 132, 393, 20, 28, 31, 162, 34, 423, 295, 190, 323, 207, 216, 345, 93, 486, 122, 361, 115, 245, 250, 253}
best_rider_2_centroid best_rider_2_obj best_rider_2_radius best_rider_2_act_1 best_rider_2_act_2 best_rider_2_act_3 best_rider_2_area
162 4087.898413406524 4087.898413406524 59.214606363114946 172.2373367646321 0.0 0.0
rider 12 = {140, 13, 145, 21, 406, 158, 163, 164, 40, 175, 48, 178, 184, 63, 64, 329, 460, 209, 217, 218, 99, 236, 107, 246, 251, 252}
best_rider_2_centroid best_rider_2_obj best_rider_2_radius best_rider_2_act_1 best_rider_2_act_2 best_rider_2_act_3 best_rider_2_area
48 4702.873853389048 4702.873853389048 60.51059950905423 170.27964110994563 0.0 0.0
rider 13 = {130, 396, 400, 281, 411, 288, 37, 429, 319, 194, 67, 196, 69, 458, 77, 89, 487, 490, 106, 237, 238, 109, 112, 364, 372, 123}
best_rider_2_centroid best_rider_2_obj best_rider_2_radius best_rider_2_act_1 best_rider_2_act_2 best_rider_2_act_3 best_rider_2_area
487 4666.41407747415 4666.41407747415 61.454570513393215 167.1324705142797 0.0 0.0
rider 14 = {260, 144, 19, 150, 38, 432, 434, 436, 179, 182, 442, 197, 326, 456, 87, 347, 476, 353, 359, 489, 234, 118, 247}
best_rider_2_centroid best_rider_2_obj best_rider_2_radius best_rider_2_act_1 best_rider_2_act_2 best_rider_2_act_3 best_rider_2_area
432 3783.355178995087 3783.355178995087 62.993600660656476 162.2685507697416 0.0 0.0
rider 15 = {0, 262, 10, 271, 275, 407, 412, 427, 171, 44, 55, 440, 318, 325, 464, 213, 469, 219, 221, 224, 96, 355, 375, 379}
best_rider_2_centroid best_rider_2_obj best_rider_2_radius best_rider_2_act_1 best_rider_2_act_2 best_rider_2_act_3 best_rider_2_area
275 4773.173814631317 4773.173814631317 60.28830920321473 170.59137237239744 0.0 0.0
rider 16 = {129, 8, 142, 398, 401, 149, 417, 161, 290, 50, 438, 62, 65, 70, 75, 468, 85, 350, 482, 485, 105, 108, 496, 499, 244, 378}
best_rider_2_centroid best_rider_2_obj best_rider_2_radius best_rider_2_act_1 best_rider_2_act_2 best_rider_2_act_3 best_rider_2_area
62 4659.997635894276 4659.997635894276 63.252282637410886 160.7526390339561 0.0 0.0
rider 17 = {385, 388, 259, 5, 4, 268, 408, 422, 170, 298, 46, 431, 428, 313, 59, 186, 448, 333, 78, 205, 332, 74, 92, 358, 380}
best_rider_2_centroid best_rider_2_obj best_rider_2_radius best_rider_2_act_1 best_rider_2_act_2 best_rider_2_act_3 best_rider_2_area
92 4261.110317283713 4261.110317283713 58.08154083035577 169.9605611631971 0.0 0.0
rider 18 = {3, 137, 272, 147, 148, 152, 289, 293, 167, 169, 302, 435, 451, 452, 79, 338, 477, 223, 228, 229, 231, 110, 497, 113, 373, 124}
best_rider_2_centroid best_rider_2_obj best_rider_2_radius best_rider_2_act_1 best_rider_2_act_2 best_rider_2_act_3 best_rider_2_area
110 4276.21109601015 4276.21109601015 60.32982242758409 167.63166822675288 0.0 0.0
rider 19 = {2, 392, 138, 266, 399, 146, 153, 283, 415, 32, 287, 53, 308, 446, 450, 198, 201, 81, 467, 339, 82, 478, 352, 227, 101, 232}
best_rider_2_centroid best_rider_2_obj best_rider_2_radius best_rider_2_act_1 best_rider_2_act_2 best_rider_2_act_3 best_rider_2_area
53 4192.122372281982 4192.122372281982 59.77334332969392 166.7311725335095 0.0 0.0
obj time iter vio 
251045.47930654205 0 0 140690.17183509696
237991.74705482024 0 1 131839.845203696
236722.83935264053 1 2 131839.845203696
230237.08300306808 1 3 125554.53991333576
223995.2534122519 2 4 120452.47539838972
217380.60203243932 3 5 118590.59552744777
217363.86399327448 4 6 118590.59552744777
215498.59131617402 5 7 118480.96447543842
215426.20286494176 6 8 118480.96447543842
212852.8881226433 6 9 113526.16129843803
207083.05875336324 7 10 111927.1228201205
197205.91611376632 7 11 104361.06965666177
195800.32363988014 8 12 104192.75943908026
194395.981314054 9 13 101788.65269556589
194276.91823725257 12 14 101788.65269556589
184252.25937908102 13 15 91955.62284568994
180844.3409413776 15 16 89404.32948002848
180766.2543300602 16 17 89343.91116587502
174482.89366814028 17 18 89343.91116587502
174308.77359954425 18 19 89056.55003936766
171937.4085051464 25 20 89421.01532600676
171093.76221812173 26 21 87893.67887213736
170940.79537214752 27 22 87524.71909890547
166299.31136403073 28 23 80382.1478118584
165758.69436830212 30 24 75032.86981329978
165055.34555112492 32 25 74430.09590761061
165034.4033707851 34 26 74430.09590761061
163698.159864588 37 27 73096.40916440057
157476.387406956 40 28 64600.02048735912
157451.63336874396 47 29 64600.02048735912
154299.46163753181 47 30 61612.17972332858
151330.75720136217 47 31 58693.65539556269
150164.31423602853 48 32 57830.301056932636
149931.05461929462 51 33 57598.12693824723
148774.45732373185 52 34 59287.268290355794
140577.51876210512 53 35 51089.290158672025
140555.36708532018 77 36 53400.39298148703
136579.14161640563 77 37 49278.081126648896
135984.52281987166 78 38 48580.30789071487
135403.9880446244 78 39 47980.673148520094
134889.8087190736 78 40 47630.245898290385
134524.67642988812 79 41 47145.74987014892
134496.45013913006 80 42 47145.74987014892
132557.03754941392 80 43 45146.114026571166
131812.92230503843 80 44 44423.58128644331
130031.54947838138 80 45 40497.1337817088
125191.55133163449 91 46 35581.52832547867
124843.27740759964 92 47 37937.94330142961
123298.30608829128 94 48 31713.126741038028
122459.87349367893 96 49 37458.385958233666
122401.56959842402 96 50 37342.3158098246
121749.10158838014 97 51 30515.13221187092
118665.38634001213 98 52 25876.795236538226
117595.3831718656 99 53 24862.02469055464
117556.32935663688 100 54 24945.146428459495
117433.10346680722 103 55 24945.146428459495
116708.05370888626 104 56 23777.833829333602
110472.3773893867 107 57 17378.268802030172
110378.46269355761 108 58 17378.268802030172
110310.0877279517 110 59 17378.268802030172
108384.9398826966 112 60 15559.146092202425
108326.73458262073 114 61 15559.146092202398
108221.62661739058 407 62 15310.489657822252
107379.69427584097 409 63 14567.855241950685
107295.64539774672 409 64 14567.855241950685
104055.32510781883 410 65 13105.602965803304
104050.00726248405 411 66 13105.602965803317
103957.2351490805 423 67 13105.602965803317
103901.10105166376 423 68 13105.602965803317
103822.91325727318 424 69 13105.602965803317
103411.98192653226 425 70 12630.529833615348
100811.75674305663 545 71 9451.50730342917
100650.7643383046 548 72 9231.788496518204
100594.40191214328 669 73 9033.437403493685
100500.97431353178 670 74 9033.437403493648
100414.98699988874 677 75 9033.437403493648
96494.06018874396 679 76 5176.419765756924
96489.52564291882 797 77 5176.419765756924
96428.01584958418 799 78 5039.182772887199
96414.23463157778 1292 79 5039.182772887206
96164.83751599652 1292 80 4592.319871655418
96139.81955997409 1397 81 4592.319871655418
96074.0468843324 1402 82 4592.319871655418
95966.92459405055 1705 83 4592.319871655418
95928.01241884333 1977 84 4592.319871655418
95789.34076552895 2374 85 5763.343050027299
95752.95718275929 2376 86 5763.343050027299
95739.34425625292 2377 87 5763.343050027299
95720.46554259825 2379 88 5882.297940549239
95687.42751687218 2512 89 5882.297940549239
95665.76854501599 2512 90 5882.297940549239
95634.87714996564 2513 91 5882.297940549239
94318.96968800187 2642 92 4644.201663333828
94241.5542324272 2778 93 4644.201663333828
93672.9146756196 2780 94 2614.7504567214437
93354.31223671835 2781 95 2854.107634156268
93348.06466057792 2783 96 2854.107634156268
93160.02751160788 2784 97 2854.107634156268
91715.17076115953 2785 98 981.898011541885
91665.46345213862 2787 99 981.898011541885
91615.64337915648 3037 100 981.898011541885
91590.39633293894 3039 101 981.8980115418778
91558.20487001221 3041 102 981.898011541885
91276.99234916108 3044 103 840.5343518924635
90695.97284761253 3290 104 118.9548905219402
90674.98355647671 3545 105 118.9548905219402
90632.18200549697 3675 106 118.9548905219402
