instance_name algorithm_name iter_idx best_objective running_time
DU500-P20-0 local_search 8 89180.76931713599 0.037227
nb_riders nb_polygons
20 500
rider 0 = {259, 388, 260, 390, 391, 265, 146, 21, 27, 411, 297, 298, 43, 320, 322, 461, 472, 217, 346, 219, 479, 485, 493, 495, 371}
best_rider_2_centroid best_rider_2_obj best_rider_2_radius best_rider_2_act_1 best_rider_2_act_2 best_rider_2_act_3 best_rider_2_area
43 4941.018949463628 4941.018949463628 63.33713267749464 162.1071465652472 0.0 0.0
rider 1 = {135, 136, 11, 25, 413, 293, 37, 167, 296, 426, 304, 434, 181, 56, 60, 323, 199, 78, 338, 215, 343, 478, 235, 497, 117, 247}
best_rider_2_centroid best_rider_2_obj best_rider_2_radius best_rider_2_act_1 best_rider_2_act_2 best_rider_2_act_3 best_rider_2_area
293 4800.729336446793 4800.729336446793 59.305762113541654 160.29066949827245 0.0 0.0
rider 2 = {385, 142, 271, 277, 281, 157, 159, 419, 35, 165, 38, 428, 180, 53, 314, 321, 197, 329, 334, 211, 361, 236, 112, 498, 125}
best_rider_2_centroid best_rider_2_obj best_rider_2_radius best_rider_2_act_1 best_rider_2_act_2 best_rider_2_act_3 best_rider_2_area
419 4875.410997468438 4875.410997468438 63.16089997977603 168.65932418015962 0.0 0.0
rider 3 = {131, 134, 392, 397, 272, 19, 23, 415, 168, 41, 299, 432, 440, 441, 313, 65, 193, 458, 474, 347, 230, 233, 121, 380}
best_rider_2_centroid best_rider_2_obj best_rider_2_radius best_rider_2_act_1 best_rider_2_act_2 best_rider_2_act_3 best_rider_2_area
432 4261.944821337336 4261.944821337336 59.985198871109226 168.42687773281185 0.0 0.0
rider 4 = {133, 394, 396, 149, 284, 32, 417, 33, 429, 174, 68, 452, 71, 463, 85, 473, 218, 98, 104, 492, 111, 241, 245, 377}
best_rider_2_centroid best_rider_2_obj best_rider_2_radius best_rider_2_act_1 best_rider_2_act_2 best_rider_2_act_3 best_rider_2_area
396 3826.673407727431 3826.673407727431 61.75826058848672 160.22184225259213 0.0 0.0
rider 5 = {401, 147, 406, 409, 410, 163, 421, 424, 295, 177, 189, 200, 204, 207, 208, 337, 220, 97, 355, 490, 363, 364, 108, 243, 244, 249, 122, 251}
best_rider_2_centroid best_rider_2_obj best_rider_2_radius best_rider_2_act_1 best_rider_2_act_2 best_rider_2_act_3 best_rider_2_area
243 5762.314779619666 5762.314779619666 61.799875581929975 172.6448650864294 0.0 0.0
rider 6 = {386, 130, 387, 264, 138, 393, 269, 399, 279, 161, 291, 294, 54, 438, 182, 443, 188, 67, 328, 216, 365, 115, 378, 123, 126}
best_rider_2_centroid best_rider_2_obj best_rider_2_radius best_rider_2_act_1 best_rider_2_act_2 best_rider_2_act_3 best_rider_2_area
126 4382.900779267661 4382.900779267661 58.960334109058564 166.24596617941856 0.0 0.0
rider 7 = {261, 400, 402, 28, 412, 418, 170, 431, 317, 62, 331, 77, 340, 214, 119, 344, 94, 353, 483, 234, 239, 255}
best_rider_2_centroid best_rider_2_obj best_rider_2_radius best_rider_2_act_1 best_rider_2_act_2 best_rider_2_act_3 best_rider_2_area
400 4225.293090094531 4225.293090094531 60.250404049179046 163.08280491028145 0.0 0.0
rider 8 = {384, 258, 275, 155, 44, 301, 51, 439, 186, 315, 191, 194, 195, 70, 464, 89, 224, 481, 484, 231, 360, 499, 116, 124, 383}
best_rider_2_centroid best_rider_2_obj best_rider_2_radius best_rider_2_act_1 best_rider_2_act_2 best_rider_2_act_3 best_rider_2_area
70 4721.9279362432335 4721.9279362432335 60.08590777152454 162.54925784956342 0.0 0.0
rider 9 = {129, 132, 389, 137, 267, 15, 24, 414, 162, 171, 173, 433, 307, 437, 184, 185, 449, 453, 73, 459, 462, 350, 475, 489}
best_rider_2_centroid best_rider_2_obj best_rider_2_radius best_rider_2_act_1 best_rider_2_act_2 best_rider_2_act_3 best_rider_2_area
132 4261.643039557231 4261.643039557231 59.325117982114975 172.71472361755718 0.0 0.0
rider 10 = {263, 395, 13, 145, 288, 289, 49, 52, 59, 187, 447, 450, 326, 335, 80, 209, 83, 470, 477, 225, 354, 357, 107, 370, 114}
best_rider_2_centroid best_rider_2_obj best_rider_2_radius best_rider_2_act_1 best_rider_2_act_2 best_rider_2_act_3 best_rider_2_area
83 4612.796719105576 4612.796719105576 58.965633313411665 169.49759142352266 0.0 0.0
rider 11 = {4, 5, 9, 144, 18, 276, 153, 26, 422, 55, 183, 64, 66, 454, 456, 205, 210, 469, 86, 90, 120, 221, 351, 362, 113, 248}
best_rider_2_centroid best_rider_2_obj best_rider_2_radius best_rider_2_act_1 best_rider_2_act_2 best_rider_2_act_3 best_rider_2_area
144 4454.801813237518 4454.801813237518 59.4338292117725 171.34340325637314 0.0 0.0
rider 12 = {8, 398, 20, 22, 154, 286, 416, 36, 423, 302, 175, 48, 442, 318, 202, 74, 82, 339, 91, 226, 491, 494, 238, 242, 373, 379, 254}
best_rider_2_centroid best_rider_2_obj best_rider_2_radius best_rider_2_act_1 best_rider_2_act_2 best_rider_2_act_3 best_rider_2_area
494 3794.114449167243 3794.114449167243 61.29470677250157 168.88742927040354 0.0 0.0
rider 13 = {257, 3, 262, 12, 287, 31, 292, 430, 303, 179, 61, 196, 198, 201, 336, 81, 466, 84, 92, 223, 349, 356, 253, 382}
best_rider_2_centroid best_rider_2_obj best_rider_2_radius best_rider_2_act_1 best_rider_2_act_2 best_rider_2_act_3 best_rider_2_area
430 3784.9168653958923 3784.9168653958923 60.65800836538341 168.117179236242 0.0 0.0
rider 14 = {0, 16, 148, 283, 156, 290, 169, 425, 45, 435, 310, 57, 76, 332, 460, 467, 341, 213, 482, 100, 229, 358, 105, 369, 252}
best_rider_2_centroid best_rider_2_obj best_rider_2_radius best_rider_2_act_1 best_rider_2_act_2 best_rider_2_act_3 best_rider_2_area
45 4420.488069976759 4420.488069976759 60.07528956449358 167.9371887527976 0.0 0.0
rider 15 = {256, 10, 266, 141, 17, 274, 408, 160, 40, 427, 46, 306, 445, 190, 319, 324, 325, 455, 333, 212, 87, 96, 237, 367, 374}
best_rider_2_centroid best_rider_2_obj best_rider_2_radius best_rider_2_act_1 best_rider_2_act_2 best_rider_2_act_3 best_rider_2_area
374 4319.599749814708 4319.599749814708 62.337590271841606 162.46076261299424 0.0 0.0
rider 16 = {1, 151, 29, 30, 164, 172, 47, 178, 436, 311, 448, 327, 72, 203, 345, 227, 99, 101, 359, 366, 375, 127}
best_rider_2_centroid best_rider_2_obj best_rider_2_radius best_rider_2_act_1 best_rider_2_act_2 best_rider_2_act_3 best_rider_2_area
178 3570.095810097442 3570.095810097442 57.80482300555827 164.37546455537043 0.0 0.0
rider 17 = {2, 6, 140, 405, 150, 407, 280, 152, 282, 158, 39, 305, 50, 308, 192, 330, 79, 342, 348, 93, 222, 488, 232, 103, 368, 496}
best_rider_2_centroid best_rider_2_obj best_rider_2_radius best_rider_2_act_1 best_rider_2_act_2 best_rider_2_act_3 best_rider_2_area
280 4366.193343058191 4366.193343058191 61.82181067611866 164.35280402897342 0.0 0.0
rider 18 = {139, 268, 14, 273, 403, 285, 34, 42, 312, 58, 316, 446, 451, 457, 75, 468, 471, 88, 352, 480, 228, 486, 487, 110, 240, 246}
best_rider_2_centroid best_rider_2_obj best_rider_2_radius best_rider_2_act_1 best_rider_2_act_2 best_rider_2_act_3 best_rider_2_area
487 4681.312076851032 4681.312076851032 58.75088668797813 164.0570228865296 0.0 0.0
rider 19 = {128, 7, 270, 143, 404, 278, 420, 166, 300, 176, 309, 444, 63, 69, 206, 465, 476, 95, 102, 106, 109, 372, 118, 376, 250, 381}
best_rider_2_centroid best_rider_2_obj best_rider_2_radius best_rider_2_act_1 best_rider_2_act_2 best_rider_2_act_3 best_rider_2_area
270 5116.5932832057 5116.5932832057 61.94509141891528 168.3150327017856 0.0 0.0
obj time iter vio 
232372.39317676658 0 0 128235.38845047513
229726.63871927495 0 1 128235.38845047518
223934.5013780891 0 2 126335.16010459019
220406.5386101946 0 3 123152.76509655388
219023.73090359222 0 4 128282.22970746928
213014.4805101285 0 5 124186.68972120764
210459.11078442365 1 6 124186.68972120766
199769.96553098952 1 7 112806.87151079958
198612.12530276336 1 8 111671.26838199487
198051.55545360968 2 9 111078.99147669638
194449.82501237525 2 10 109837.1799870153
192982.75615156285 2 11 108402.63299234843
190616.61184225138 3 12 106589.04036971649
189992.1743576675 3 13 106589.04036971647
184826.91739130346 3 14 102800.62462882644
181348.37478993656 3 15 100690.85139109349
180422.49490111374 6 16 99299.07888401153
171990.6393531689 6 17 88453.00439539019
169503.29393525037 6 18 88453.0043953902
169347.53539507007 6 19 88453.00439539018
166063.87388030166 7 20 84641.6160207096
165409.88227548814 7 21 79343.129022477
165409.80298689485 8 22 79343.129022477
163875.83187634652 8 23 76275.1624852036
157898.9063576894 9 24 71073.75449693552
154731.70970611656 9 25 64898.59285499478
154163.22493326513 11 26 64300.59167349461
153974.1312995084 12 27 63673.70744879196
151188.9569141934 15 28 60865.27807421109
149208.21064036095 15 29 58890.58840604065
144190.96599290663 16 30 54569.73995969088
142853.62471604007 16 31 53034.800134206846
142568.0832824237 16 32 52751.54820375545
142222.15294620543 16 33 52481.57322718724
140634.60010812856 17 34 51621.424058311866
140305.13444242816 19 35 52766.42445158388
137791.64902209793 20 36 50292.780158527756
136856.67217170596 20 37 49980.165608717005
136812.20893227856 21 38 49980.165608717005
133935.94170755768 22 39 47038.378884828315
133254.69569351737 22 40 45735.795126232006
132966.96528790722 24 41 43571.62684520943
132899.7506461635 24 42 43571.62684520943
129260.63479738652 28 43 46411.25333057559
129035.45359687776 30 44 46411.25333057559
129032.66424608677 30 45 46411.25333057559
128850.65276792811 30 46 46411.25333057559
124962.09935347126 31 47 35938.58100357276
123273.67575054786 32 48 34220.75862757888
122893.04999071786 33 49 40144.74226469752
121543.53366532752 33 50 36192.30663665043
118605.56564588405 34 51 33245.440795394185
116210.62546324472 34 52 30729.465143017223
116106.86499216732 37 53 30729.465143017223
116055.00115111918 37 54 30729.465143017223
114724.63732298632 37 55 25159.65288043875
114723.10384268987 38 56 25159.65288043875
114497.34502901511 38 57 25159.65288043875
114479.35480403402 38 58 25159.652880438778
110388.58715501992 39 59 21068.365766331317
108621.10775222028 39 60 19359.513872057236
108537.28549235324 39 61 19359.513872057236
108424.94235624219 39 62 19247.99958974275
107148.99869884121 40 63 17836.890678406246
106760.85895683782 40 64 17365.197623889115
106607.75498647302 162 65 17166.15992883342
106216.53129245792 162 66 16805.207983110562
106072.71239458554 163 67 16671.531701095777
106058.47517683454 163 68 16671.531701095777
104344.70999652137 163 69 14942.001990009565
103593.60063395217 282 70 12904.393718668816
103560.87473971241 283 71 12871.629060596848
103554.71311353307 295 72 17478.943795219857
100498.5755149992 295 73 9873.172378026933
100409.83584196033 295 74 9455.287060436543
100314.17803071385 395 75 9544.475336644797
100043.50390335603 396 76 9381.203356752254
99215.4378593095 396 77 8621.531041092016
99112.26548762238 396 78 8621.531041092016
98790.2532056351 396 79 8621.531041092016
98505.09667242275 397 80 8042.80137561224
98502.7102113886 398 81 8042.80137561224
98300.67265563038 399 82 7780.540287544181
98069.21848546092 399 83 7548.366168858789
97954.10712915946 439 84 7461.33279895675
97817.1194657865 439 85 7461.33279895675
96849.21496707105 561 86 6538.985972558348
96445.59499005471 562 87 6078.025773254848
95110.15916353022 562 88 4806.643513549271
94664.96051921805 563 89 4313.437546135693
94588.56099652887 563 90 4242.521278538161
94273.86919292719 566 91 3973.889870347781
94165.80037287525 684 92 3973.889870347781
93809.20094057576 687 93 3685.4303429679744
93671.27934208894 692 94 3685.4303429679744
93636.61394388687 692 95 3685.4303429679744
93177.43156154612 694 96 3259.3628901668385
93172.78185843283 695 97 3259.3628901668385
93019.42596105751 701 98 3259.3628901668385
92912.9317540488 1056 99 3048.226355686386
92815.8337454108 1056 100 3048.226355686386
92750.80821677143 1063 101 3048.2263556863786
92554.16570272917 1065 102 3048.2263556863786
90199.17625272198 1187 103 709.3873363119876
90145.45936085928 1323 104 611.0011175440341
90143.07487027193 1687 105 611.0011175440341
90061.38967963497 1688 106 532.8995813316269
89605.65731810869 1689 107 0
89550.39456214124 1808 108 0
89463.63113190129 1808 109 0
89364.08492517794 2052 110 0
89231.07978807967 2189 111 0
89230.46160770074 2804 112 0
89207.47280336841 3009 113 0
89181.04727307643 3560 114 0
89180.76931713599 3831 115 0
