instance_name algorithm_name iter_idx best_objective running_time
DU500-P20-0 local_search 0 96205.84541021209 0.65901
nb_riders nb_polygons
20 500
rider 0 = {259, 262, 271, 153, 424, 426, 299, 438, 184, 313, 442, 441, 314, 321, 325, 338, 339, 347, 349, 95, 229, 491, 364, 363, 499, 253, 254}
best_rider_2_centroid best_rider_2_obj best_rider_2_radius best_rider_2_act_1 best_rider_2_act_2 best_rider_2_act_3 best_rider_2_area
442 4817.18090303039 4817.18090303039 61.36393259295046 172.89090337101055 0.0 0.0
rider 1 = {257, 258, 385, 8, 135, 391, 268, 396, 404, 278, 283, 27, 158, 159, 293, 175, 177, 53, 61, 190, 326, 337, 485, 232, 105, 235, 247}
best_rider_2_centroid best_rider_2_obj best_rider_2_radius best_rider_2_act_1 best_rider_2_act_2 best_rider_2_act_3 best_rider_2_area
53 4379.124382560641 4379.124382560641 63.22993012519519 158.58978864169626 0.0 0.0
rider 2 = {388, 266, 397, 142, 274, 407, 427, 182, 65, 322, 449, 454, 203, 464, 344, 90, 478, 355, 484, 362, 238, 368, 112, 373}
best_rider_2_centroid best_rider_2_obj best_rider_2_radius best_rider_2_act_1 best_rider_2_act_2 best_rider_2_act_3 best_rider_2_area
407 4371.573894229101 4371.573894229101 57.65636596631493 167.0178101685674 0.0 0.0
rider 3 = {134, 399, 287, 417, 34, 163, 37, 428, 433, 191, 192, 197, 69, 336, 82, 343, 474, 479, 97, 226, 357, 358, 486, 106, 369, 127}
best_rider_2_centroid best_rider_2_obj best_rider_2_radius best_rider_2_act_1 best_rider_2_act_2 best_rider_2_act_3 best_rider_2_area
433 5239.0621701993 4661.423436680128 64.15810829165915 160.55857159916897 0.0 0.0
rider 4 = {128, 5, 265, 269, 275, 414, 415, 296, 297, 42, 46, 176, 51, 183, 57, 63, 318, 452, 453, 200, 465, 213, 354, 366, 496, 116}
best_rider_2_centroid best_rider_2_obj best_rider_2_radius best_rider_2_act_1 best_rider_2_act_2 best_rider_2_act_3 best_rider_2_area
275 4926.977189545436 4694.269028967758 57.292478582501346 172.38389087830157 0.0 0.0
rider 5 = {4, 137, 78, 20, 30, 160, 33, 420, 166, 298, 43, 439, 187, 330, 333, 461, 209, 85, 469, 217, 93, 225, 100, 239, 246, 120, 250, 123}
best_rider_2_centroid best_rider_2_obj best_rider_2_radius best_rider_2_act_1 best_rider_2_act_2 best_rider_2_act_3 best_rider_2_area
43 5296.196279703984 5296.196279703984 63.37139853375049 166.80679654633465 0.0 0.0
rider 6 = {386, 6, 136, 402, 150, 408, 419, 301, 302, 303, 180, 56, 316, 456, 201, 202, 476, 96, 481, 99, 231, 361, 252, 380}
best_rider_2_centroid best_rider_2_obj best_rider_2_radius best_rider_2_act_1 best_rider_2_act_2 best_rider_2_act_3 best_rider_2_area
252 6459.089134525271 4504.479952617778 59.169339277155615 176.58469540326706 0.0 0.0
rider 7 = {395, 15, 405, 22, 284, 29, 28, 418, 36, 164, 38, 429, 47, 178, 435, 306, 58, 443, 62, 459, 80, 81, 470, 227, 119}
best_rider_2_centroid best_rider_2_obj best_rider_2_radius best_rider_2_act_1 best_rider_2_act_2 best_rider_2_act_3 best_rider_2_area
178 5778.988060352606 4197.255989447793 58.99374332287383 176.21181829226438 0.0 0.0
rider 8 = {12, 143, 272, 401, 149, 285, 39, 305, 179, 52, 54, 55, 59, 446, 193, 66, 195, 70, 199, 475, 477, 494, 381}
best_rider_2_centroid best_rider_2_obj best_rider_2_radius best_rider_2_act_1 best_rider_2_act_2 best_rider_2_act_3 best_rider_2_area
52 4221.521552568985 4221.521552568985 58.29465844438899 163.12653687294184 0.0 0.0
rider 9 = {3, 133, 140, 400, 146, 281, 289, 290, 300, 310, 189, 448, 72, 457, 329, 207, 84, 468, 88, 89, 222, 94, 352, 365, 240, 376, 125}
best_rider_2_centroid best_rider_2_obj best_rider_2_radius best_rider_2_act_1 best_rider_2_act_2 best_rider_2_act_3 best_rider_2_area
133 4208.552807601566 4208.552807601566 61.34830402450166 165.71786132137228 0.0 0.0
rider 10 = {260, 390, 273, 152, 292, 421, 422, 181, 440, 451, 324, 198, 73, 458, 332, 208, 340, 214, 471, 346, 91, 350, 104, 374, 122}
best_rider_2_centroid best_rider_2_obj best_rider_2_radius best_rider_2_act_1 best_rider_2_act_2 best_rider_2_act_3 best_rider_2_area
422 5496.768709409667 4853.50274403208 63.38011991158793 157.35538347299536 0.0 0.0
rider 11 = {256, 387, 7, 139, 145, 410, 26, 165, 295, 434, 188, 319, 455, 74, 76, 210, 218, 359, 241, 498, 115, 117, 382}
best_rider_2_centroid best_rider_2_obj best_rider_2_radius best_rider_2_act_1 best_rider_2_act_2 best_rider_2_act_3 best_rider_2_area
241 4740.394310738099 4508.2618912546795 63.812601977623395 161.18206864916158 0.0 0.0
rider 12 = {384, 392, 9, 270, 14, 398, 147, 19, 21, 156, 416, 288, 173, 174, 444, 317, 447, 75, 221, 480, 353, 102, 230, 488, 118, 383}
best_rider_2_centroid best_rider_2_obj best_rider_2_radius best_rider_2_act_1 best_rider_2_act_2 best_rider_2_act_3 best_rider_2_area
480 4997.6131995149235 4997.6131995149235 62.8520378773773 165.67779783334618 0.0 0.0
rider 13 = {261, 403, 151, 23, 35, 294, 425, 169, 45, 432, 50, 323, 331, 473, 92, 224, 482, 228, 489, 370, 114, 251, 126}
best_rider_2_centroid best_rider_2_obj best_rider_2_radius best_rider_2_act_1 best_rider_2_act_2 best_rider_2_act_3 best_rider_2_area
45 3228.078224341639 2952.5956792426587 57.249704197980044 171.1853057423993 0.0 0.0
rider 14 = {130, 394, 16, 18, 157, 49, 307, 309, 312, 185, 320, 68, 205, 342, 345, 483, 492, 237, 367, 497, 242, 371, 378, 379}
best_rider_2_centroid best_rider_2_obj best_rider_2_radius best_rider_2_act_1 best_rider_2_act_2 best_rider_2_act_3 best_rider_2_area
130 4534.3250226870505 4534.3250226870505 58.92056224272616 158.77855900586118 0.0 0.0
rider 15 = {17, 148, 413, 31, 32, 167, 168, 170, 171, 44, 48, 212, 341, 86, 87, 219, 249, 490, 243, 244, 245, 372, 121, 124}
best_rider_2_centroid best_rider_2_obj best_rider_2_radius best_rider_2_act_1 best_rider_2_act_2 best_rider_2_act_3 best_rider_2_area
212 4509.789371657104 4230.560679168227 57.24595805059015 171.05631482538618 0.0 0.0
rider 16 = {132, 263, 267, 13, 411, 423, 41, 304, 311, 186, 196, 335, 463, 83, 472, 351, 356, 487, 233, 107, 108, 110, 495, 377}
best_rider_2_centroid best_rider_2_obj best_rider_2_radius best_rider_2_act_1 best_rider_2_act_2 best_rider_2_act_3 best_rider_2_area
110 4279.283743656937 4279.283743656937 62.81801426516628 159.4156129691452 0.0 0.0
rider 17 = {129, 2, 389, 10, 277, 279, 280, 409, 291, 172, 430, 67, 71, 328, 215, 216, 98, 360, 234, 236, 493, 111, 255}
best_rider_2_centroid best_rider_2_obj best_rider_2_radius best_rider_2_act_1 best_rider_2_act_2 best_rider_2_act_3 best_rider_2_area
430 4618.583082009517 4618.583082009517 58.06254858188842 162.6514235181855 0.0 0.0
rider 18 = {1, 131, 264, 138, 141, 25, 155, 412, 286, 40, 431, 436, 60, 204, 462, 79, 206, 467, 211, 220, 223, 101, 103, 109, 248}
best_rider_2_centroid best_rider_2_obj best_rider_2_radius best_rider_2_act_1 best_rider_2_act_2 best_rider_2_act_3 best_rider_2_area
60 5183.737147950474 5183.737147950474 58.3781482576738 168.34685770857664 0.0 0.0
rider 19 = {0, 393, 11, 144, 276, 406, 24, 282, 154, 161, 162, 308, 437, 315, 445, 64, 194, 450, 327, 460, 77, 334, 466, 348, 113, 375}
best_rider_2_centroid best_rider_2_obj best_rider_2_radius best_rider_2_act_1 best_rider_2_act_2 best_rider_2_act_3 best_rider_2_area
162 4919.006223929396 4919.006223929396 63.45860848828484 170.7493597773435 0.0 0.0
obj time iter vio 
224095.72437318074 0 0 115140.8959872936
218428.65164990773 0 1 113580.45008160271
216204.41197648898 0 2 113580.45008160264
207583.00847684097 0 3 109737.9870067192
204305.54553699 0 4 106739.6594091294
198479.6097652447 1 5 102461.78792055314
193411.51478097372 1 6 98823.5296117708
191607.66176724219 1 7 97019.0094428354
185640.28907479084 1 8 91140.86861337046
182111.19072000697 1 9 89404.2310716104
181758.48117270958 1 10 89107.19428979556
167184.82513299596 2 11 76126.75048630164
163003.94581500776 2 12 73290.79191131066
162067.74461578322 2 13 73059.99572845426
160069.49384180337 2 14 67651.77083634707
159046.33508253124 3 15 66687.88996434258
159014.5572049783 3 16 66687.88996434258
158421.99417782205 5 17 66073.66953472824
156698.00020316875 6 18 65901.24292184321
155672.38022363008 9 19 65901.24292184321
154498.4244400817 9 20 65977.85203970202
149076.18670669108 9 21 68962.30572760079
147910.6691683857 9 22 61688.850637012045
147496.7804462166 10 23 55633.19355828253
147321.1214099788 10 24 55385.9167343526
146976.52566155416 10 25 55185.758879223555
146660.059032812 10 26 55143.65902548807
146571.9855451249 10 27 55085.368770446184
143476.9550490508 11 28 51700.34296582206
143080.24465496582 12 29 51331.56927801053
142002.1646747357 167 30 50184.13245345232
141955.1187003431 179 31 50184.1324534523
141307.895942906 181 32 49527.24147701597
139802.7717713039 182 33 48021.78868838529
139265.07290322325 183 34 47692.72357805645
136282.26793965543 185 35 44699.9835180966
135651.919296463 186 36 45767.459525952065
134918.89368062746 186 37 45077.24511941257
133961.61685119855 186 38 46227.851952062854
131955.70993648103 187 39 44147.1750210316
129891.70725763889 187 40 42168.90206720303
128016.64278305613 188 41 40354.32149966556
126418.77542552732 188 42 38817.226176892254
123414.26628660494 188 43 36105.438131764015
123366.02232232792 189 44 36105.43813176406
123350.37382002239 191 45 36040.85700952632
121101.32395443569 191 46 33704.57848676009
121094.09218368567 192 47 33699.52545564361
120921.57717423454 192 48 33508.935568429566
120354.77341359561 193 49 32836.202116786466
119829.0636221631 195 50 32451.01163257528
119357.77403178277 196 51 29896.821870345648
118142.00992158554 197 52 28714.983970065874
115565.21641923631 197 53 24247.59967953176
115527.50958128537 198 54 24217.86620371191
114554.24541712868 202 55 23274.35884769918
114542.9518869391 204 56 23281.440786329422
114360.3506596697 205 57 23167.897743962687
113948.55183435576 206 58 22781.253258036977
113796.10520372991 208 59 22627.35766080762
112696.7568871504 481 60 21437.710549575087
112689.33171108362 482 61 21376.582272495783
112559.50177820574 1032 62 21270.972507878796
111863.70241341651 1034 63 20653.923159934526
109318.85060465371 1036 64 18243.458122562257
108533.14658504406 1039 65 17423.260553596283
107139.46945470455 1041 66 16066.754332822016
101914.56591385715 1046 67 10861.358419805401
100791.51015967478 1054 68 9690.853380866147
100614.2825342881 1065 69 9848.75045959815
100276.40846838319 1068 70 9139.70010158358
99611.87601484424 1068 71 8440.811568771624
99374.7650161657 1088 72 8292.869301028299
98395.31166277669 1093 73 7345.61026492611
97685.19951855118 1625 74 6692.568037283339
97567.29014041867 2945 75 6692.568037283339
97533.8742509253 2952 76 6692.568037283339
97529.48526384591 2954 77 6692.568037283339
96520.3311023987 2957 78 5694.897008755365
96457.33473809352 2960 79 5694.897008755365
96448.15564023166 2963 80 5776.797769357994
96205.84541021209 3993 81 5776.797769358022
