instance_name algorithm_name iter_idx best_objective running_time
L1-DU200-P10-0 local_search 0 19704.298573643533 0.592305
nb_riders nb_polygons
10 200
rider 0 = {0, 5, 134, 19, 157, 33, 173, 53, 54, 58, 67, 199, 75, 89, 91, 101, 103, 118}
best_rider_2_centroid best_rider_2_obj best_rider_2_radius best_rider_2_act_1 best_rider_2_act_2 best_rider_2_act_3 best_rider_2_area
58 2123.951140802494 2123.951140802494 51.2692512194894 130.46374858496225 0.0 0 0.0
rider 1 = {11, 17, 20, 149, 22, 154, 27, 170, 178, 52, 55, 57, 59, 61, 64, 95, 97, 100, 106, 122}
best_rider_2_centroid best_rider_2_obj best_rider_2_radius best_rider_2_act_1 best_rider_2_act_2 best_rider_2_act_3 best_rider_2_area
11 1736.2281557785705 1736.2281557785705 50.40230891809253 137.32527576298938 0.0 0 0.0
rider 2 = {131, 143, 155, 29, 169, 172, 47, 175, 177, 182, 190, 63, 194, 196, 69, 78, 83, 87, 93, 94, 109, 127}
best_rider_2_centroid best_rider_2_obj best_rider_2_radius best_rider_2_act_1 best_rider_2_act_2 best_rider_2_act_3 best_rider_2_area
69 2286.5762510425407 2286.5762510425407 50.42345150622512 135.95712191288808 0.0 0 0.0
rider 3 = {130, 132, 135, 138, 12, 151, 23, 162, 167, 176, 49, 56, 184, 62, 76, 77, 79, 81, 113, 121}
best_rider_2_centroid best_rider_2_obj best_rider_2_radius best_rider_2_act_1 best_rider_2_act_2 best_rider_2_act_3 best_rider_2_area
62 1870.104686265274 1870.104686265274 52.1749333920821 137.66306102077283 0.0 0 0.0
rider 4 = {3, 6, 7, 10, 147, 148, 30, 160, 163, 36, 42, 50, 183, 71, 74, 82, 84, 85, 99, 114, 115, 117}
best_rider_2_centroid best_rider_2_obj best_rider_2_radius best_rider_2_act_1 best_rider_2_act_2 best_rider_2_act_3 best_rider_2_area
85 2462.84491066036 2462.84491066036 49.52962125613283 133.41624806100876 0.0 0 0.0
rider 5 = {129, 1, 8, 9, 136, 139, 142, 145, 18, 150, 32, 34, 39, 168, 180, 185, 195, 104, 108, 112, 120}
best_rider_2_centroid best_rider_2_obj best_rider_2_radius best_rider_2_act_1 best_rider_2_act_2 best_rider_2_act_3 best_rider_2_area
142 1959.7581739082927 1959.7581739082927 48.31574943933608 128.30775870641799 0.0 0 0.0
rider 6 = {4, 13, 140, 16, 21, 24, 25, 31, 35, 165, 37, 41, 181, 193, 72, 98, 116, 119, 124, 125}
best_rider_2_centroid best_rider_2_obj best_rider_2_radius best_rider_2_act_1 best_rider_2_act_2 best_rider_2_act_3 best_rider_2_area
119 1901.8560569456963 1901.8560569456963 48.421164362712815 131.09784714405652 0.0 0 0.0
rider 7 = {2, 128, 137, 144, 146, 15, 14, 26, 156, 43, 46, 174, 186, 188, 192, 68, 70, 73, 92, 123}
best_rider_2_centroid best_rider_2_obj best_rider_2_radius best_rider_2_act_1 best_rider_2_act_2 best_rider_2_act_3 best_rider_2_area
137 1857.8818386764765 1857.8818386764765 53.088980065023605 135.43738719850245 0.0 0 0.0
rider 8 = {133, 141, 152, 28, 158, 45, 48, 179, 51, 60, 189, 187, 197, 96, 102, 105, 107, 126}
best_rider_2_centroid best_rider_2_obj best_rider_2_radius best_rider_2_act_1 best_rider_2_act_2 best_rider_2_act_3 best_rider_2_area
48 1793.1087730106947 1793.1087730106947 51.5359789319237 128.7066509166551 0.0 0 0.0
rider 9 = {153, 159, 161, 164, 166, 38, 40, 171, 44, 191, 65, 66, 198, 80, 86, 88, 90, 110, 111}
best_rider_2_centroid best_rider_2_obj best_rider_2_radius best_rider_2_act_1 best_rider_2_act_2 best_rider_2_act_3 best_rider_2_area
166 1711.9885865531346 1711.9885865531346 51.0145209742753 127.41756076944017 0.0 0 0.0
obj time iter vio 
111767.75807446834 0 0 79848.17153551761
105079.62520545314 0 1 69644.454150782
103923.62250077301 0 2 69729.23279728442
101010.81378301789 0 3 64417.20482750278
93982.43019755004 0 4 57329.50148241468
93924.56347401813 0 5 57329.50148241468
93924.17837942543 0 6 57329.50148241469
93011.93104074438 0 7 57028.48050113065
88912.28185147278 0 8 55095.656459211306
87941.85135927949 0 9 53560.618968950184
83450.82680445019 0 10 48937.12623537509
81682.178859716 0 11 52551.44580890132
81608.59884911454 0 12 47115.62071223768
79570.51852972618 1 13 44967.505531819195
78544.16446251054 1 14 43148.37200229551
78273.545865108 1 15 42835.41038334571
74046.98888310982 1 16 38587.17620124369
70845.45854279792 1 17 33773.35121766257
70604.24024236777 1 18 33353.568478805006
70226.54352131655 1 19 32992.40372516585
62291.46088243243 1 20 25502.529620524496
62230.40735122253 1 21 25461.76731337559
60997.61486778837 1 22 23180.01897198644
57661.43234515284 1 23 19773.455399950362
56666.36679928193 1 24 19579.1196154778
53961.69361561205 1 25 18503.418026121468
52189.974144564636 2 26 15964.064760237088
48325.61799626255 2 27 10075.538421519126
47325.96038437656 2 28 9225.366882077833
46802.28334152501 2 29 8613.529220480745
45919.71389436364 2 30 7536.427734189783
45788.473003400395 2 31 7570.826962570025
45607.790651607305 2 32 7570.826962570025
45091.20516880888 2 33 6657.806352220121
44818.595755477356 2 34 6371.539786884981
44577.121064229665 2 35 6371.539786884981
44413.312147264434 2 36 6371.539786884981
43286.876590843945 2 37 5424.780830352304
42364.22309256559 2 38 4320.152913643313
41024.39092936134 9 39 3405.0676948022788
40629.18377771295 9 40 2856.3940705487544
39046.83446416161 9 41 824.054064889296
39012.95670249532 9 42 824.054064889296
38750.02130500993 10 43 637.8449165572171
38683.66808492406 17 44 637.8449165572171
38598.62923415417 17 45 637.8449165572171
38133.22283107702 17 46 0
38083.80797572781 47 47 0
38018.130977063025 47 48 0
37998.85282248984 54 49 0
37962.903172316546 62 50 0
37919.23285876579 80 51 0
37879.07995197023 113 52 0
37789.77895610995 130 53 0
37761.36902700319 137 54 0
37757.98398755245 156 55 0
37675.33210067165 163 56 0
37541.81640785907 181 57 0
37494.30324278051 182 58 0
37479.25131675932 197 59 0
37308.66442774502 197 60 0
37152.14074074897 198 61 0
37084.8444274959 205 62 0
37024.585832481156 230 63 0
37014.440779321376 256 64 0
36918.82095983879 260 65 0
36652.08368567711 272 66 0
36590.05669394017 294 67 0
36586.11813606882 309 68 0
36560.69611230249 312 69 0
36516.47944364072 313 70 0
36422.18596784811 316 71 0
36352.956071157554 324 72 0
36293.800863288714 331 73 0
36212.157439699426 331 74 0
36076.167872774655 331 75 0
35888.93093191913 332 76 0
35866.3856703602 396 77 0
35737.95282163402 400 78 0
35372.631400212886 419 79 0
35339.842141385314 427 80 0
35225.32904838811 435 81 0
35216.12257555857 450 82 0
35216.09870839451 450 83 0
34962.50232289894 458 84 0
34954.95156709797 462 85 0
34713.74026691278 466 86 0
34615.07223022369 485 87 0
34569.367281307226 485 88 0
34550.2939801308 485 89 0
34392.875138121955 485 90 0
34374.48687628471 489 91 0
34326.35674055715 497 92 0
34322.99287155431 497 93 0
34281.39594634228 502 94 0
34272.86763059593 531 95 0
34244.70052489823 535 96 0
34161.62877733486 542 97 0
34111.475277748825 557 98 0
33984.5885126714 564 99 0
33875.9653364337 575 100 0
33853.854347508066 583 101 0
33845.27211021832 596 102 0
33734.599513557056 600 103 0
33578.08235127735 604 104 0
33512.69906006556 619 105 0
33359.8644565666 619 106 0
33318.22029350516 630 107 0
33249.405162775714 652 108 0
33089.558329356296 663 109 0
32905.629649943134 685 110 0
32871.661248703116 708 111 0
32839.26600285652 712 112 0
32823.08622737392 712 113 0
32822.67021187986 713 114 0
32741.756108650545 775 115 0
32707.893205941433 775 116 0
32612.211598547623 794 117 0
32309.212007821876 864 118 0
32272.84865099905 880 119 0
32260.478780034326 893 120 0
32236.456334286948 894 121 0
32153.45193813772 898 122 0
32012.042629582425 902 123 0
31859.87995325611 906 124 0
31677.471098732738 915 125 0
31659.540576390467 936 126 0
31623.85815430489 941 127 0
31564.852058527173 958 128 0
31530.977463583644 966 129 0
31329.272197477276 986 130 0
31051.86527998294 986 131 0
31030.134623755734 995 132 0
30810.55041668156 1004 133 0
30683.268402696016 1005 134 0
30639.837064203857 1030 135 0
30624.772541253118 1030 136 0
30586.257502658664 1035 137 0
30509.223031651072 1064 138 0
30504.0365320808 1069 139 0
30434.66947172008 1078 140 0
30414.99949288539 1078 141 0
30323.058443966933 1087 142 0
30135.217973188795 1101 143 0
30086.95820757348 1118 144 0
30078.077736028525 1130 145 0
29995.980669311524 1130 146 0
29917.083233177695 1147 147 0
29872.181792865504 1183 148 0
29858.73755467828 1227 149 0
29740.24732063091 1233 150 0
29682.021004421666 1249 151 0
29616.863385680324 1253 152 0
29587.962527164837 1269 153 0
29554.838405530234 1302 154 0
29412.992539366056 1342 155 0
29288.259071193384 1347 156 0
29276.09453098626 1355 157 0
29240.840219520942 1381 158 0
29182.345965686145 1381 159 0
29173.829096104124 1387 160 0
29052.65545643785 1388 161 0
28966.387858022863 1389 162 0
28940.9017515763 1401 163 0
28921.543226470625 1401 164 0
28876.74132633538 1420 165 0
28872.58027657996 1453 166 0
28841.731041780597 1467 167 0
28750.661406657127 1494 168 0
28682.999650482285 1494 169 0
28563.129316717015 1513 170 0
28467.07517137711 1521 171 0
28459.685947423197 1533 172 0
28443.330260610233 1542 173 0
28396.31929558598 1569 174 0
28369.36404501769 1588 175 0
28368.464517852313 1622 176 0
28332.810440621983 1632 177 0
28291.56641542573 1632 178 0
28252.411975675706 1648 179 0
28118.618008313915 1652 180 0
28106.64524645006 1657 181 0
28088.117714373915 1676 182 0
27970.32757506581 1677 183 0
27927.936540687104 1700 184 0
27888.012292322597 1701 185 0
27865.97283556736 1702 186 0
27858.334294291246 1710 187 0
27821.77149706966 1718 188 0
27804.616241474127 1719 189 0
27663.959789283363 1734 190 0
27593.09533596525 1742 191 0
27546.442870017403 1768 192 0
27473.672270847695 1780 193 0
27410.03563592108 1784 194 0
27320.495291562267 1785 195 0
27293.199373861717 1817 196 0
27130.615751401856 1828 197 0
27055.580909520933 1840 198 0
27008.215150034004 1863 199 0
26948.05471968762 1863 200 0
26930.61734446584 1864 201 0
26861.386919809782 1868 202 0
26848.14464275224 1876 203 0
26794.729829152824 1881 204 0
26749.184870962516 1889 205 0
26669.93521011149 1890 206 0
26643.849910030553 1894 207 0
26624.78607994881 1895 208 0
26610.03617483066 1896 209 0
26586.544279570575 1929 210 0
26556.764622160947 1938 211 0
26534.265792007325 1959 212 0
26420.427585005193 1964 213 0
26393.595905445072 1981 214 0
26327.126742636843 2022 215 0
26310.591942734754 2025 216 0
26274.527894288607 2032 217 0
26269.573686136584 2041 218 0
26160.9710481773 2046 219 0
26123.014774596493 2047 220 0
26091.194924366915 2048 221 0
26046.52784576524 2058 222 0
25981.76271987495 2078 223 0
25891.74874570014 2112 224 0
25760.255832604074 2113 225 0
25745.63428389235 2122 226 0
25720.486090727063 2143 227 0
25665.998743119555 2143 228 0
25602.46089744751 2164 229 0
25516.21587618461 2176 230 0
25458.648812639276 2196 231 0
25371.19173056003 2209 232 0
25366.022476274717 2210 233 0
25285.15545956633 2219 234 0
25236.66764096408 2236 235 0
25124.970471851662 2240 236 0
24941.847668706854 2244 237 0
24928.80711855033 2271 238 0
24856.317428522063 2323 239 0
24781.817326681517 2335 240 0
24741.716471137745 2346 241 0
24666.293546496137 2369 242 0
24633.08601923411 2391 243 0
24345.06235987762 2423 244 0
24242.798637583146 2439 245 0
24206.00242413645 2458 246 0
24205.554763778746 2459 247 0
24151.293057338196 2473 248 0
24002.85861538233 2481 249 0
23930.69071383217 2519 250 0
23883.63546476091 2527 251 0
23878.48716834733 2550 252 0
23867.388784697385 2558 253 0
23819.530802023095 2559 254 0
23590.789657465368 2613 255 0
23566.32192606527 2684 256 0
23494.356679242872 2705 257 0
23414.309500016756 2740 258 0
23397.505942132768 2775 259 0
23362.513292025003 2785 260 0
23315.000232768565 2812 261 0
23269.47788654409 2823 262 0
23251.653429635706 2843 263 0
23240.13969198892 2909 264 0
23179.93902218955 2921 265 0
23155.113560354555 2922 266 0
23151.67662715545 2933 267 0
23144.374896439884 2988 268 0
23143.29915304919 3024 269 0
23082.535112736492 3047 270 0
23079.401367571372 3181 271 0
22909.605703733378 3185 272 0
22833.316352616497 3215 273 0
22601.47887677034 3258 274 0
22554.302922199346 3283 275 0
22508.573486813217 3310 276 0
22457.763948587515 3316 277 0
22406.421332841925 3328 278 0
22298.333639585508 3350 279 0
22139.874675873743 3358 280 0
22022.52758804566 3360 281 0
21959.084492284954 3367 282 0
21957.474474384235 3368 283 0
21862.335104880814 3371 284 0
21682.34642314418 3412 285 0
21605.52473062935 3420 286 0
21510.804385282314 3428 287 0
21477.05262328586 3435 288 0
21359.817388885393 3437 289 0
21329.147569665674 3449 290 0
21216.329127657944 3454 291 0
20937.438219532498 3458 292 0
20761.855384225684 3479 293 0
20660.781439393464 3496 294 0
20535.09610222244 3503 295 0
20427.155738388883 3523 296 0
20347.117748975277 3532 297 0
20100.906086223087 3532 298 0
20024.768818778124 3570 299 0
19968.357299290336 3580 300 0
19827.31142088792 3581 301 0
19749.054275417493 3584 302 0
19704.298573643533 3615 303 0
