instance_name algorithm_name iter_idx best_objective running_time
L1-DU500-P10-0 local_search 8 77338.91088702813 0.251482
nb_riders nb_polygons
10 500
rider 0 = {256, 5, 14, 15, 289, 37, 294, 302, 46, 304, 310, 313, 315, 319, 327, 329, 336, 94, 354, 101, 360, 391, 140, 396, 143, 411, 159, 417, 164, 163, 423, 424, 425, 431, 433, 435, 438, 186, 193, 201, 458, 462, 478, 222, 226, 232, 490, 495, 496, 242, 499, 244}
best_rider_2_centroid best_rider_2_obj best_rider_2_radius best_rider_2_act_1 best_rider_2_act_2 best_rider_2_act_3 best_rider_2_area
244 8533.698118781102 8533.698118781102 134.85304309398464 328.0416063763199 0.0 0.0
rider 1 = {258, 261, 268, 272, 276, 279, 285, 31, 291, 300, 301, 51, 311, 321, 324, 70, 74, 76, 86, 90, 105, 364, 367, 370, 371, 121, 123, 130, 132, 394, 145, 402, 404, 407, 408, 161, 426, 434, 436, 437, 187, 443, 190, 197, 206, 208, 209, 466, 212, 229, 234, 492, 493, 235, 241, 247}
best_rider_2_centroid best_rider_2_obj best_rider_2_radius best_rider_2_act_1 best_rider_2_act_2 best_rider_2_act_3 best_rider_2_area
70 8905.018907266298 8905.018907266298 142.49251678250562 342.1661969698632 0.0 0.0
rider 2 = {2, 266, 269, 281, 288, 298, 303, 314, 317, 318, 66, 325, 71, 83, 341, 346, 95, 361, 109, 369, 116, 372, 118, 382, 131, 133, 137, 142, 399, 146, 152, 155, 182, 441, 442, 453, 455, 460, 204, 463, 472, 217, 474, 477, 489, 497, 248, 250, 251}
best_rider_2_centroid best_rider_2_obj best_rider_2_radius best_rider_2_act_1 best_rider_2_act_2 best_rider_2_act_3 best_rider_2_area
298 7305.571739459278 7305.571739459278 139.4077887892712 340.2959406366111 0.0 0.0
rider 3 = {1, 4, 11, 270, 18, 275, 282, 293, 297, 308, 54, 312, 322, 68, 73, 335, 357, 102, 111, 115, 374, 120, 380, 125, 127, 393, 398, 400, 406, 153, 154, 413, 160, 418, 170, 427, 173, 439, 185, 194, 202, 207, 465, 216, 221, 485, 231, 488, 233, 252, 253, 255}
best_rider_2_centroid best_rider_2_obj best_rider_2_radius best_rider_2_act_1 best_rider_2_act_2 best_rider_2_act_3 best_rider_2_area
194 8544.125213095005 8544.125213095005 132.66006172744926 319.76222581981773 0.0 0.0
rider 4 = {3, 6, 9, 265, 267, 12, 274, 273, 28, 32, 290, 43, 50, 72, 331, 343, 345, 93, 99, 100, 359, 107, 366, 110, 373, 375, 122, 379, 384, 385, 397, 405, 150, 157, 162, 166, 167, 179, 184, 189, 199, 459, 469, 214, 470, 220, 223, 224, 225, 483, 487}
best_rider_2_centroid best_rider_2_obj best_rider_2_radius best_rider_2_act_1 best_rider_2_act_2 best_rider_2_act_3 best_rider_2_area
28 7302.969633322853 7302.969633322853 143.70128033704248 342.4033274712075 0.0 0.0
rider 5 = {0, 259, 262, 13, 23, 284, 286, 44, 48, 306, 307, 55, 59, 316, 63, 75, 77, 78, 79, 80, 81, 339, 92, 349, 348, 352, 358, 363, 365, 368, 119, 381, 389, 147, 415, 416, 168, 429, 174, 175, 445, 450, 198, 211, 219, 476, 482, 484, 243}
best_rider_2_centroid best_rider_2_obj best_rider_2_radius best_rider_2_act_1 best_rider_2_act_2 best_rider_2_act_3 best_rider_2_area
198 6836.721337426751 6836.721337426751 131.11842990522916 332.5461386727473 0.0 0.0
rider 6 = {263, 8, 10, 271, 16, 19, 277, 22, 26, 296, 42, 47, 49, 53, 309, 56, 57, 65, 323, 332, 85, 342, 87, 89, 351, 353, 356, 103, 112, 113, 378, 124, 141, 158, 414, 419, 432, 180, 188, 448, 454, 200, 461, 210, 215, 480, 481, 227, 491, 249}
best_rider_2_centroid best_rider_2_obj best_rider_2_radius best_rider_2_act_1 best_rider_2_act_2 best_rider_2_act_3 best_rider_2_area
481 7752.472519858601 7752.472519858601 140.46218671592987 337.49313453999645 0.0 0.0
rider 7 = {25, 29, 39, 40, 299, 45, 52, 58, 60, 320, 326, 82, 340, 350, 108, 114, 117, 376, 377, 383, 386, 139, 151, 156, 422, 169, 172, 430, 183, 446, 447, 192, 452, 456, 203, 464, 467, 213, 471, 473, 475, 479, 494, 239, 498, 245}
best_rider_2_centroid best_rider_2_obj best_rider_2_radius best_rider_2_act_1 best_rider_2_act_2 best_rider_2_act_3 best_rider_2_area
456 6911.873017975649 6911.873017975649 138.07390123555444 321.41343543502205 0.0 0.0
rider 8 = {264, 17, 278, 21, 34, 35, 292, 38, 36, 295, 305, 61, 64, 67, 69, 328, 330, 334, 344, 347, 91, 96, 98, 362, 129, 387, 134, 135, 138, 401, 149, 409, 410, 421, 177, 178, 440, 444, 191, 449, 457, 205, 218, 228, 486, 236, 238, 240}
best_rider_2_centroid best_rider_2_obj best_rider_2_radius best_rider_2_act_1 best_rider_2_act_2 best_rider_2_act_3 best_rider_2_area
228 8410.33423433557 8410.33423433557 131.7725054086498 326.53053858018734 0.0 0.0
rider 9 = {257, 260, 7, 20, 280, 24, 27, 283, 30, 287, 33, 41, 62, 333, 337, 338, 84, 88, 97, 355, 104, 106, 126, 128, 388, 390, 392, 136, 395, 144, 403, 148, 412, 420, 165, 171, 428, 176, 181, 451, 195, 196, 468, 230, 237, 246, 254}
best_rider_2_centroid best_rider_2_obj best_rider_2_radius best_rider_2_act_1 best_rider_2_act_2 best_rider_2_act_3 best_rider_2_area
280 6836.126165507011 6836.126165507011 135.23329263622617 343.87386072789496 0.0 0.0
obj time iter vio 
196703.06383021997 0 0 70608.01092937255
191340.38396725454 0 1 70275.85991312942
186179.16624600982 0 2 66074.45758778899
186035.55977741902 0 3 64196.374538446034
173818.76402220147 1 4 51539.94876142993
165540.59142310417 1 5 45520.87262452235
154858.60483854797 1 6 34863.060244052314
131853.98214225544 2 7 24563.364854144103
125018.35038647073 2 8 18651.70873230375
124448.16512858073 2 9 18195.73906757746
116208.2148797611 25 10 16367.105940451933
111784.08301693933 25 11 13214.678141364835
111432.27155934065 48 12 10697.432537732328
109913.64078053569 93 13 9169.481425325972
109908.54134472275 93 14 9169.481425325972
106111.40568050407 95 15 9169.481425325972
106095.29516283222 120 16 9169.481425325943
104562.50258947465 120 17 7637.903556273951
104485.67005475673 120 18 7637.903556273951
101560.68800435755 120 19 7637.903556273951
101478.68934046445 121 20 7637.903556273979
101456.37656898327 121 21 7637.903556273979
100354.79883181948 193 22 6459.507108077332
98690.02365018499 193 23 4760.83229240037
98168.58864248123 194 24 4298.727479846104
97551.857227102 194 25 3750.3693645766775
96178.66397788339 194 26 2353.8589411283015
96151.72240716504 194 27 2353.8589411282446
96087.60208887456 196 28 2353.8589411282446
96069.11813065602 219 29 2353.8589411282446
95990.23010095351 219 30 2353.8589411282446
95986.06088209455 219 31 2353.8589411282446
93612.40040355091 221 32 0
93555.83627896875 221 33 0
93527.96884297824 244 34 0
93420.13832495754 244 35 0
93416.34642742998 244 36 0
93361.27653560649 245 37 0
93323.51597550912 245 38 0
93141.38356712731 246 39 0
93134.95318213591 354 40 0
93132.3536757996 354 41 0
93081.34906044685 354 42 0
93029.86494682568 496 43 0
93017.76059154958 496 44 0
93017.1790629693 496 45 0
93002.22367715089 496 46 0
92939.32518869275 518 47 0
92928.56963715311 539 48 0
92871.03889807909 539 49 0
92850.68389057774 539 50 0
92798.99021237157 560 51 0
92749.48473321201 560 52 0
92726.61737619086 561 53 0
92714.32238305244 604 54 0
92579.6234218091 625 55 0
92553.17099040127 626 56 0
92547.22218459996 626 57 0
92453.92557979742 649 58 0
92443.11796172666 649 59 0
92395.3985380714 694 60 0
92375.96491934058 694 61 0
92372.1409697403 695 62 0
92359.5573714972 740 63 0
92310.54116785088 784 64 0
92294.38673988527 785 65 0
92289.56146195144 785 66 0
92273.37382677876 785 67 0
92229.40181748914 785 68 0
92211.8044756356 785 69 0
92211.14368079625 786 70 0
92208.851933778 786 71 0
92185.92229450295 809 72 0
92157.59594778379 904 73 0
92037.1034815221 904 74 0
91988.07038653665 905 75 0
91983.30882805174 928 76 0
91920.32324427232 951 77 0
91918.26118708511 952 78 0
91915.64902865143 952 79 0
91915.0708688371 952 80 0
91777.80393044784 952 81 0
91754.85390175649 953 82 0
91724.27545315112 1000 83 0
91697.96531890538 1001 84 0
91692.81195543577 1001 85 0
91590.28418434228 1001 86 0
91588.22818169266 1001 87 0
91583.89367613354 1002 88 0
91414.61297114215 1002 89 0
91398.99247402091 1026 90 0
91396.46664251556 1051 91 0
91333.51774307685 1051 92 0
91292.67622075985 1051 93 0
91241.30929294293 1052 94 0
91234.70087148143 1128 95 0
91211.75961758404 1152 96 0
91129.3947501806 1200 97 0
91112.68663920065 1223 98 0
91107.35743578384 1224 99 0
91020.63564928886 1224 100 0
91016.03504147995 1247 101 0
91015.97799019958 1248 102 0
90910.40276074181 1271 103 0
90870.97726039597 1272 104 0
90763.6253107754 1272 105 0
90703.67921384316 1272 106 0
90682.97043504813 1273 107 0
90676.40548843022 1297 108 0
90512.07628701656 1321 109 0
90500.31724799896 1369 110 0
90462.81872685284 1370 111 0
90400.00163902983 1395 112 0
90344.09509391949 1395 113 0
90290.24334835034 1421 114 0
90281.18948326341 1421 115 0
90232.48850537976 1421 116 0
90193.51954079475 1421 117 0
90182.06349203624 1470 118 0
90101.16436047287 1495 119 0
90053.10844005336 1495 120 0
90017.98452731023 1520 121 0
89939.96171040818 1520 122 0
89908.40582460635 1521 123 0
89903.60603147058 1521 124 0
89779.8695029968 1547 125 0
89712.48558340014 1548 126 0
89686.44981543224 1549 127 0
89684.49177653006 1574 128 0
89663.02548355437 1574 129 0
89563.90400118174 1574 130 0
89509.99032738742 1574 131 0
89455.19236791768 1574 132 0
89444.54414324503 1598 133 0
89423.61560501745 1667 134 0
89375.06277585216 1691 135 0
89350.5587047492 1691 136 0
89305.89606588091 1692 137 0
89241.42363062254 1693 138 0
89133.963001025 1694 139 0
89077.67978745433 1694 140 0
89055.50562839537 1694 141 0
89003.9516760299 1694 142 0
88978.37039139103 1694 143 0
88925.28711038386 1695 144 0
88863.98793717935 1718 145 0
88760.97830264088 1741 146 0
88609.1433487054 1765 147 0
88574.92683766132 1765 148 0
88568.69216884303 1765 149 0
88545.74330728599 1766 150 0
88538.18519044144 1766 151 0
88449.13990588824 1766 152 0
88433.9156509996 1766 153 0
88329.03980674606 1790 154 0
88324.2255427266 1815 155 0
88286.2791951443 1815 156 0
88246.69237720835 1815 157 0
88225.48507986809 1839 158 0
88219.64442398015 1863 159 0
88209.12751440104 1864 160 0
88154.61722048183 1890 161 0
88145.35792492123 1890 162 0
88065.22811659332 1915 163 0
88060.52436164528 1962 164 0
88033.90149978593 2008 165 0
87950.25951618396 2056 166 0
87923.32680034194 2056 167 0
87795.85354614019 2056 168 0
87767.48522708938 2056 169 0
87666.27928989191 2057 170 0
87604.99268521197 2057 171 0
87594.51516627907 2080 172 0
87551.92072529768 2080 173 0
87485.02247746065 2080 174 0
87466.37520596437 2081 175 0
87443.44667844492 2081 176 0
87413.49147147904 2082 177 0
87255.30324899263 2083 178 0
87222.54931113614 2107 179 0
87130.85793110481 2108 180 0
87086.69547596264 2109 181 0
87036.44016537248 2132 182 0
87020.25815473254 2133 183 0
86993.53254516616 2220 184 0
86934.51861073704 2242 185 0
86829.06314021265 2242 186 0
86696.38382099452 2242 187 0
86686.33977270422 2265 188 0
86628.96076541617 2265 189 0
86576.10138591206 2288 190 0
86409.58890369182 2289 191 0
86408.83120609111 2289 192 0
86312.71210973579 2290 193 0
86183.0191116131 2290 194 0
86065.0348365013 2291 195 0
86052.39810839499 2292 196 0
86008.83560035616 2293 197 0
85972.05733499094 2294 198 0
85838.11741211262 2294 199 0
85822.34964116102 2295 200 0
85793.06935707336 2317 201 0
85761.47974746283 2318 202 0
85731.30054241128 2319 203 0
85647.80160256008 2319 204 0
85638.52315633361 2319 205 0
85618.24381544463 2341 206 0
85583.40928516153 2341 207 0
85578.23264673904 2342 208 0
85537.1959898658 2342 209 0
85342.91604823104 2342 210 0
85302.83807710452 2343 211 0
85249.97869760043 2344 212 0
85145.76319033359 2346 213 0
85121.08284941451 2346 214 0
85018.40404912943 2347 215 0
84974.89135815196 2347 216 0
84857.27231941825 2349 217 0
84767.06393104208 2349 218 0
84708.15192353749 2350 219 0
84680.60922368977 2372 220 0
84629.5251356353 2394 221 0
84458.60459672856 2395 222 0
84448.41486112455 2395 223 0
84423.54352617176 2418 224 0
84340.8217582375 2418 225 0
84217.71049474008 2418 226 0
84201.03070553471 2419 227 0
84022.98999594219 2419 228 0
83931.24732265045 2420 229 0
83876.35123641355 2420 230 0
83842.17928275031 2420 231 0
83779.11394942304 2421 232 0
83772.88201816363 2421 233 0
83772.37950143794 2422 234 0
83660.99653379017 2422 235 0
83587.8057520715 2447 236 0
83510.32602683616 2448 237 0
83486.73541407073 2473 238 0
83486.50615906416 2474 239 0
83476.50514002051 2475 240 0
83474.95848675045 2477 241 0
83441.47818604151 2527 242 0
83441.43066257039 2554 243 0
83417.94263671669 2554 244 0
83371.41459541801 2555 245 0
83352.65016181066 2556 246 0
83304.04452052004 2557 247 0
82899.02539190179 2584 248 0
82807.35764050623 2687 249 0
82751.09240455308 2688 250 0
82740.23637663377 2689 251 0
82682.47047351544 2689 252 0
82667.2734073724 2764 253 0
82662.1926748804 2764 254 0
82660.78440189439 2765 255 0
82631.49702264824 2765 256 0
82521.05095489779 2766 257 0
82506.53289351288 2766 258 0
82476.75582229799 2766 259 0
82411.78367600414 2768 260 0
82254.52992066355 2791 261 0
82197.80074638779 2835 262 0
82174.4999574578 2857 263 0
81971.05913414883 2858 264 0
81966.65662848613 2882 265 0
81940.82459855899 2905 266 0
81805.7541623644 2951 267 0
81802.39715916928 2951 268 0
81776.32430184928 2999 269 0
81745.11196854316 2999 270 0
81743.16601236047 3000 271 0
81709.63390288489 3045 272 0
81704.59270807126 3046 273 0
81677.79678783292 3046 274 0
81673.81964452173 3047 275 0
81626.91938871788 3048 276 0
81599.0064630794 3049 277 0
81589.76485851574 3049 278 0
81504.30975528392 3050 279 0
81375.22898136056 3052 280 0
81338.5664067988 3052 281 0
81318.89636863662 3053 282 0
81254.17987285768 3077 283 0
81115.82952754974 3101 284 0
81082.71250792041 3102 285 0
81007.95075639844 3103 286 0
80820.24864934657 3129 287 0
80695.30999808863 3131 288 0
80650.88173410934 3155 289 0
80578.94588072761 3155 290 0
80551.75494552605 3156 291 0
80533.9315990587 3156 292 0
80490.58649925525 3156 293 0
80463.39501675563 3181 294 0
80408.66994424735 3181 295 0
80385.7619541861 3181 296 0
80318.3251563223 3181 297 0
80272.09687619343 3182 298 0
80232.76999783715 3231 299 0
80196.49219711646 3256 300 0
80192.29013235476 3257 301 0
80146.6968464422 3257 302 0
80088.36738577443 3282 303 0
79894.60673024524 3282 304 0
79758.15357757446 3283 305 0
79698.80308668278 3284 306 0
79529.5109620687 3284 307 0
79479.02638940337 3285 308 0
79398.15270369517 3286 309 0
79328.84512359776 3287 310 0
79308.42909159139 3313 311 0
79222.53103542888 3313 312 0
79196.92931328867 3315 313 0
79160.72862814664 3316 314 0
79127.97141424177 3316 315 0
79044.59591558028 3366 316 0
79000.82929789062 3367 317 0
78987.93677691327 3391 318 0
78987.00808593276 3391 319 0
78982.3855776201 3415 320 0
78928.73024949641 3416 321 0
78919.38459655226 3416 322 0
78902.7699637533 3416 323 0
78896.10506463987 3417 324 0
78891.13833333307 3418 325 0
78826.47601824458 3418 326 0
78809.10392302566 3419 327 0
78772.25567511375 3419 328 0
78752.77702499637 3419 329 0
78730.99011330615 3420 330 0
78717.73437698213 3420 331 0
78658.99825261145 3421 332 0
78657.634203993 3421 333 0
78600.18847205874 3421 334 0
78505.60117474735 3422 335 0
78472.35981075061 3422 336 0
78362.05682589942 3423 337 0
78171.5112645677 3473 338 0
78133.32039806934 3499 339 0
78028.4160670415 3552 340 0
78028.12567094387 3553 341 0
77914.35098906659 3553 342 0
77849.32543514417 3554 343 0
77791.7522630783 3580 344 0
77538.67392775376 3580 345 0
77479.10606190682 3580 346 0
77338.91088702813 3608 347 0
