instance_name algorithm_name iter_idx best_objective running_time
L1-DU500-P10-0 local_search 9 76052.66118510626 0.79256
nb_riders nb_polygons
10 500
rider 0 = {258, 271, 277, 284, 289, 298, 299, 301, 52, 308, 58, 60, 68, 73, 330, 81, 344, 89, 103, 108, 379, 381, 382, 385, 386, 132, 133, 397, 398, 400, 406, 151, 159, 161, 422, 170, 434, 440, 185, 197, 200, 203, 206, 464, 213, 220, 221, 476, 239, 247}
best_rider_2_centroid best_rider_2_obj best_rider_2_radius best_rider_2_act_1 best_rider_2_act_2 best_rider_2_act_3 best_rider_2_area
52 7629.534275810553 7629.534275810553 130.6637778797135 326.1969982929234 0.0 0.0
rider 1 = {262, 265, 14, 269, 278, 283, 30, 41, 53, 316, 319, 320, 84, 87, 88, 347, 101, 105, 373, 375, 377, 384, 390, 141, 146, 405, 412, 158, 426, 173, 174, 429, 441, 450, 196, 199, 201, 463, 466, 211, 473, 479, 484, 232, 488, 234, 237, 499, 254}
best_rider_2_centroid best_rider_2_obj best_rider_2_radius best_rider_2_act_1 best_rider_2_act_2 best_rider_2_act_3 best_rider_2_area
278 7954.625929905077 7954.625929905077 131.66824567651153 331.7323891541338 0.0 0.0
rider 2 = {260, 15, 23, 286, 290, 35, 44, 55, 69, 76, 78, 343, 345, 351, 96, 352, 355, 100, 99, 360, 104, 366, 367, 112, 115, 120, 121, 380, 127, 129, 143, 148, 409, 157, 416, 162, 163, 167, 423, 168, 425, 179, 438, 447, 198, 455, 218, 478, 223, 224, 225, 491}
best_rider_2_centroid best_rider_2_obj best_rider_2_radius best_rider_2_act_1 best_rider_2_act_2 best_rider_2_act_3 best_rider_2_area
198 6986.62031835467 6986.62031835467 139.93055068487416 335.5806600847042 0.0 0.0
rider 3 = {261, 11, 282, 291, 36, 292, 300, 45, 304, 306, 311, 56, 325, 326, 334, 335, 98, 359, 109, 113, 370, 376, 389, 134, 391, 402, 404, 153, 414, 160, 430, 431, 435, 437, 182, 439, 186, 190, 446, 448, 195, 452, 453, 456, 202, 461, 209, 212, 215, 231, 235, 493, 494, 241, 242, 248}
best_rider_2_centroid best_rider_2_obj best_rider_2_radius best_rider_2_act_1 best_rider_2_act_2 best_rider_2_act_3 best_rider_2_area
209 7987.392785746137 7987.392785746137 143.2853732425569 339.3038208919879 0.0 0.0
rider 4 = {10, 268, 279, 293, 50, 310, 57, 61, 64, 321, 66, 322, 324, 327, 75, 336, 80, 338, 93, 349, 95, 358, 363, 365, 114, 371, 374, 125, 393, 136, 399, 144, 147, 411, 418, 166, 191, 192, 193, 194, 459, 468, 216, 222, 480, 482, 228, 496, 497, 246, 250}
best_rider_2_centroid best_rider_2_obj best_rider_2_radius best_rider_2_act_1 best_rider_2_act_2 best_rider_2_act_3 best_rider_2_area
64 8476.088526918555 8476.088526918555 132.03708255906804 341.6814389867489 0.0 0.0
rider 5 = {2, 7, 273, 274, 20, 21, 22, 24, 28, 29, 288, 297, 46, 47, 48, 318, 337, 85, 346, 91, 362, 107, 368, 372, 123, 396, 403, 152, 155, 408, 413, 417, 419, 165, 171, 177, 436, 188, 189, 204, 207, 472, 483, 230, 240, 498, 244, 251}
best_rider_2_centroid best_rider_2_obj best_rider_2_radius best_rider_2_act_1 best_rider_2_act_2 best_rider_2_act_3 best_rider_2_area
7 8197.413937775078 8197.413937775078 140.03223125762614 338.09626254748576 0.0 0.0
rider 6 = {0, 1, 257, 264, 8, 16, 26, 27, 287, 33, 305, 49, 309, 313, 315, 59, 63, 77, 333, 339, 353, 354, 118, 378, 124, 126, 128, 388, 392, 138, 395, 140, 142, 415, 420, 164, 175, 432, 176, 180, 187, 454, 457, 465, 467, 471, 474, 229, 486, 233, 495}
best_rider_2_centroid best_rider_2_obj best_rider_2_radius best_rider_2_act_1 best_rider_2_act_2 best_rider_2_act_3 best_rider_2_area
26 6377.327781706805 6377.327781706805 142.14346454409915 343.64380481627217 0.0 0.0
rider 7 = {256, 6, 9, 12, 13, 272, 32, 37, 38, 43, 302, 307, 312, 317, 62, 65, 70, 328, 72, 74, 340, 86, 348, 350, 94, 92, 102, 361, 106, 364, 116, 122, 383, 135, 137, 154, 172, 433, 451, 458, 214, 217, 481, 226, 492, 236, 245, 249, 252}
best_rider_2_centroid best_rider_2_obj best_rider_2_radius best_rider_2_act_1 best_rider_2_act_2 best_rider_2_act_3 best_rider_2_area
348 8020.768809965113 8020.768809965113 139.79419825705705 336.22963024607293 0.0 0.0
rider 8 = {4, 259, 3, 263, 266, 270, 17, 19, 276, 18, 280, 281, 31, 39, 40, 296, 42, 303, 67, 323, 329, 331, 332, 79, 83, 341, 90, 356, 110, 117, 387, 131, 139, 150, 156, 421, 424, 427, 428, 181, 442, 460, 462, 210, 470, 219, 227, 487}
best_rider_2_centroid best_rider_2_obj best_rider_2_radius best_rider_2_act_1 best_rider_2_act_2 best_rider_2_act_3 best_rider_2_area
67 8158.230796027071 8158.230796027071 139.88780900144394 317.1356818076426 0.0 0.0
rider 9 = {5, 267, 275, 25, 285, 34, 294, 295, 51, 54, 314, 71, 82, 342, 97, 357, 111, 369, 119, 130, 394, 401, 145, 149, 407, 410, 169, 178, 183, 184, 443, 444, 445, 449, 205, 208, 469, 475, 477, 485, 489, 490, 238, 243, 253, 255}
best_rider_2_centroid best_rider_2_obj best_rider_2_radius best_rider_2_act_1 best_rider_2_act_2 best_rider_2_act_3 best_rider_2_area
443 6264.658022897197 6264.658022897197 130.3322735288922 324.9257184016958 0.0 0.0
obj time iter vio 
158405.48346396477 0 0 47143.83098259898
157415.82580542268 0 1 46810.665253349274
148378.75106810636 0 2 40812.89123889758
148376.14286810247 0 3 40812.89123889758
143411.95274762306 2 4 40812.89123889758
139136.9574996926 3 5 40718.69416345942
137794.91326422355 3 6 39352.3272217563
137781.81980633305 3 7 39352.3272217563
133432.78363748096 3 8 34970.282363117476
132998.5373420352 3 9 34512.73045638862
132889.67425385126 4 10 34512.73045638862
132874.59683411435 4 11 34512.73045638862
132870.8189750342 4 12 34512.73045638862
132820.81317148526 4 13 34512.73045638862
132777.63921656524 4 14 34512.73045638862
132776.650259524 5 15 34512.73045638862
132681.1161591471 5 16 34512.73045638862
132573.97210349797 5 17 34512.73045638862
132530.72438799025 5 18 34515.493050546
132510.18678674143 6 19 34512.73045638862
132482.15371813966 8 20 34512.73045638862
132477.7387658044 8 21 34512.73045638862
132476.9160766799 8 22 34512.73045638862
125171.06098130354 8 23 31758.58607101481
121429.3216168357 8 24 28058.079129320682
121427.14279638695 9 25 28058.079129320682
119140.7267971332 9 26 25689.979269665753
118946.45249812934 9 27 25513.691753788178
118805.53371301963 9 28 25361.116148312532
118798.63066149615 9 29 25361.116148312532
116354.18141956069 10 30 24222.397365790053
116342.0629344795 10 31 24222.397365790053
108005.67739063635 10 32 14671.012578754522
107999.7529665682 11 33 14671.012578754522
107868.74808396387 11 34 14454.897257864794
107864.1310834423 11 35 14454.897257864794
107595.4348252679 12 36 14027.546630280372
103008.0024105974 12 37 9385.339235647112
102962.80525385613 12 38 9385.339235647112
102922.48878574088 13 39 9385.339235647112
102862.45474253407 14 40 9385.339235647112
100532.56059154747 15 41 7033.766745037784
100391.8602021351 15 42 7033.766745037784
100365.18904887752 15 43 7033.766745037784
100284.49773450378 16 44 7033.766745037784
100281.64795890004 16 45 7033.766745037784
100005.56334196815 16 46 6761.083352204146
96729.30017155134 16 47 3357.0448455848878
96328.18317978365 41 48 3057.66608423572
96260.51229289336 41 49 3057.66608423572
93650.15287852658 41 50 434.83766021934935
93610.10301210989 41 51 434.83766021934935
93607.08675132641 42 52 434.83766021934935
93544.71306866672 66 53 434.83766021934935
93424.06252138285 67 54 434.83766021934935
93411.15940537999 67 55 434.83766021934935
93382.43085936888 91 56 434.83766021934935
93301.39996580489 116 57 434.83766021934935
93274.28054617875 116 58 434.83766021934935
93262.62372581281 117 59 434.83766021934935
93261.88354381053 117 60 434.83766021934935
93261.40839764007 117 61 434.83766021934935
93171.0246929121 117 62 434.83766021934935
93109.52708152571 118 63 434.83766021934935
93066.33452212925 118 64 298.62145869085134
93037.08778256136 118 65 256.17244298171295
92814.56127069563 166 66 0
92764.45814786358 190 67 0
92758.48506862683 215 68 0
92756.75811829731 215 69 0
92751.31384519089 215 70 0
92746.76523767333 215 71 0
92709.14455089063 216 72 0
92614.74713881947 216 73 0
92600.77558781313 266 74 0
92552.78960044817 266 75 0
92531.69438460526 266 76 0
92484.36334350535 291 77 0
92455.22781749319 293 78 0
92443.96581437312 293 79 0
92394.0533817445 294 80 0
92371.2945440233 294 81 0
92368.05708748465 295 82 0
92343.81522640583 295 83 0
92342.02950025917 296 84 0
92341.34891201979 297 85 0
92330.01327574921 297 86 0
92320.6662188241 297 87 0
92320.4232784317 346 88 0
92222.93834311904 346 89 0
92220.3557872632 346 90 0
92184.0482790369 346 91 0
92183.00327979738 371 92 0
92172.83942937826 371 93 0
92169.51393823998 371 94 0
92056.20479390213 417 95 0
92000.1556970722 417 96 0
91940.8854180467 417 97 0
91929.97865111998 462 98 0
91899.50005687904 462 99 0
91881.34405079983 486 100 0
91880.63022139094 486 101 0
91879.76416753093 510 102 0
91833.23858225063 510 103 0
91830.98208029791 557 104 0
91767.2660363392 557 105 0
91722.24716558232 627 106 0
91677.00481934547 628 107 0
91588.63406227328 628 108 0
91575.08054552527 628 109 0
91478.25067399352 628 110 0
91445.3131434843 628 111 0
91441.44324631107 629 112 0
91368.84181026166 650 113 0
91289.31091691095 651 114 0
91200.29923113181 651 115 0
91170.77401465092 672 116 0
91147.78536948944 673 117 0
91136.01022635536 694 118 0
91088.42614479753 716 119 0
91076.87972249341 716 120 0
91050.99923368765 761 121 0
91036.39305949662 762 122 0
90967.6449912278 807 123 0
90938.75050123857 808 124 0
90916.64448191112 808 125 0
90879.4327468028 808 126 0
90825.06022651821 831 127 0
90794.3287132192 831 128 0
90792.35501162724 875 129 0
90782.63384574238 875 130 0
90773.58643186462 876 131 0
90755.27674206962 876 132 0
90706.08033457534 877 133 0
90696.3937543711 878 134 0
90694.87337489966 878 135 0
90658.82674004002 878 136 0
90647.8695769059 878 137 0
90646.08548172649 879 138 0
90604.737146752 879 139 0
90585.30561822797 880 140 0
90553.82612184598 880 141 0
90492.58747806062 881 142 0
90395.78750930933 906 143 0
90361.6988951783 907 144 0
90357.40949319382 932 145 0
90310.70877952395 933 146 0
90236.37138451434 933 147 0
90221.84136479489 958 148 0
90151.62640566722 1006 149 0
90135.77052257521 1054 150 0
90088.99227237138 1101 151 0
89971.84933888246 1102 152 0
89964.1612347138 1102 153 0
89961.83935060674 1127 154 0
89959.90599225197 1127 155 0
89953.98115802277 1128 156 0
89838.60574930711 1128 157 0
89826.6983083461 1200 158 0
89778.38976764325 1201 159 0
89762.17406687514 1225 160 0
89728.84492478204 1226 161 0
89718.57030794077 1227 162 0
89701.94833824754 1276 163 0
89630.61857755421 1277 164 0
89588.93433378078 1278 165 0
89588.27352129498 1279 166 0
89546.17747065244 1280 167 0
89540.08100651401 1281 168 0
89530.99136463282 1281 169 0
89478.51776338539 1281 170 0
89435.84380952767 1281 171 0
89426.29996701192 1282 172 0
89404.07355786646 1282 173 0
89359.03693105948 1283 174 0
89355.85527139704 1283 175 0
89273.81602996007 1305 176 0
89273.68280113416 1305 177 0
89183.39537961085 1306 178 0
89109.00825979472 1306 179 0
89090.74036547034 1306 180 0
89012.6908039787 1329 181 0
88975.86262992724 1330 182 0
88880.81261340166 1399 183 0
88871.87357154378 1400 184 0
88866.26745175164 1423 185 0
88854.49478766716 1423 186 0
88817.72872665321 1423 187 0
88804.69507871779 1423 188 0
88769.6062542356 1424 189 0
88740.61759725714 1447 190 0
88664.5603602365 1447 191 0
88586.36200280217 1470 192 0
88505.4441699036 1516 193 0
88453.17086024661 1540 194 0
88418.11245167417 1540 195 0
88366.59604642671 1589 196 0
88189.10548078099 1613 197 0
88155.9296613505 1613 198 0
88122.91189412851 1614 199 0
87995.3555829034 1683 200 0
87940.83392641481 1683 201 0
87922.91826220245 1707 202 0
87846.3724078813 1707 203 0
87742.38875354415 1730 204 0
87628.86370666268 1730 205 0
87625.352311765 1731 206 0
87620.43973571739 1731 207 0
87571.21093267664 1732 208 0
87558.55146711347 1732 209 0
87530.27572181493 1733 210 0
87485.39119894199 1733 211 0
87372.41670980318 1734 212 0
87334.82574003209 1734 213 0
87314.47532963609 1834 214 0
87262.57444216158 1834 215 0
87184.15702789853 1860 216 0
87129.78753825257 1884 217 0
87059.38676011091 1885 218 0
87045.55685906752 1885 219 0
87029.56731094314 1886 220 0
86953.9766245699 1886 221 0
86928.09108507646 1910 222 0
86894.12368040837 1910 223 0
86887.66966506961 1910 224 0
86850.55260183426 1911 225 0
86811.42025422263 1911 226 0
86724.69067025378 1977 227 0
86660.61512084056 1977 228 0
86660.5714917316 1978 229 0
86597.23507364088 1978 230 0
86586.16278024687 2089 231 0
86546.70497280762 2090 232 0
86456.36451791716 2114 233 0
86443.64712551727 2137 234 0
86428.57192919614 2137 235 0
86417.97033732828 2137 236 0
86361.07478577762 2138 237 0
86349.07099472941 2138 238 0
86340.28556166495 2162 239 0
86309.18039382441 2162 240 0
86305.49035464639 2163 241 0
86287.94325559544 2164 242 0
86235.03194281983 2165 243 0
86224.09667654883 2188 244 0
86222.73047742808 2189 245 0
86003.98256791646 2190 246 0
85987.12093764979 2212 247 0
85902.96677115255 2213 248 0
85822.05027294846 2213 249 0
85787.12512021283 2236 250 0
85753.57644089432 2236 251 0
85619.17450360868 2236 252 0
85584.55178945365 2237 253 0
85510.83887765593 2259 254 0
85493.25703249428 2259 255 0
85360.55064197288 2260 256 0
85246.40692228368 2261 257 0
85215.89160882891 2262 258 0
85158.82988498006 2262 259 0
85138.95414433962 2262 260 0
85136.87640496784 2265 261 0
85108.43636496294 2286 262 0
85067.10842394938 2286 263 0
84949.96303880744 2286 264 0
84895.13348922634 2287 265 0
84850.24241151859 2287 266 0
84840.81852178462 2287 267 0
84690.52003395851 2328 268 0
84628.0681852274 2335 269 0
84607.8745426122 2335 270 0
84595.41263829378 2336 271 0
84581.9369652773 2357 272 0
84571.7049337285 2357 273 0
84497.98580879951 2378 274 0
84496.28997056282 2378 275 0
84439.45053091357 2378 276 0
84425.08381652256 2379 277 0
84414.83075205064 2379 278 0
84363.62413353656 2401 279 0
84208.77812616594 2401 280 0
84094.92068677774 2444 281 0
84021.56754697692 2444 282 0
83988.66344795858 2444 283 0
83980.29220872255 2465 284 0
83972.99199683624 2465 285 0
83956.62214087257 2465 286 0
83941.2108355781 2466 287 0
83906.5108061288 2466 288 0
83884.9153349055 2467 289 0
83871.56796004224 2490 290 0
83821.60640870639 2512 291 0
83749.18948281024 2513 292 0
83726.62524925497 2514 293 0
83725.10815698723 2514 294 0
83655.60178883253 2515 295 0
83607.67601142258 2516 296 0
83572.9105456349 2517 297 0
83551.90965892925 2518 298 0
83535.85080509234 2544 299 0
83501.16176953935 2544 300 0
83430.45750521563 2544 301 0
83425.37466752552 2545 302 0
83308.36623598388 2545 303 0
83136.58706813474 2545 304 0
83128.99422844072 2545 305 0
83105.05352728575 2546 306 0
83006.14623447965 2546 307 0
82996.34945858043 2572 308 0
82897.5753542502 2572 309 0
82880.6051065257 2573 310 0
82819.52117374004 2573 311 0
82806.64424825905 2574 312 0
82803.58548947771 2575 313 0
82703.67608384887 2599 314 0
82645.34566390625 2599 315 0
82582.96818799373 2623 316 0
82510.78941633693 2624 317 0
82478.17880188546 2624 318 0
82400.12950141112 2647 319 0
82386.51363536272 2648 320 0
82272.47621740181 2672 321 0
82265.90823636562 2673 322 0
82260.09176735836 2674 323 0
82250.72664673669 2675 324 0
82121.86704061025 2675 325 0
82092.22726470757 2675 326 0
81952.67565367634 2675 327 0
81879.6669738423 2675 328 0
81871.65384995015 2675 329 0
81841.30276058966 2675 330 0
81701.42125532405 2675 331 0
81680.13900468551 2676 332 0
81578.51449545061 2722 333 0
81432.14805711858 2723 334 0
81162.06382144343 2747 335 0
80626.38444576922 2747 336 0
80571.91877837943 2748 337 0
80553.62719664157 2748 338 0
80547.05027987088 2772 339 0
80518.91167909416 2772 340 0
80412.56056731087 2841 341 0
80388.61986615589 2864 342 0
80291.19399053467 2865 343 0
80057.94018735754 2866 344 0
80046.98914590743 2868 345 0
79994.61037582043 2892 346 0
79927.25629421939 2893 347 0
79837.11683652042 2894 348 0
79801.41567429842 2895 349 0
79698.71916011012 2897 350 0
79681.56036053514 2969 351 0
79596.90630894688 2971 352 0
79572.19428447327 2972 353 0
79456.0829686097 2999 354 0
79443.20544461672 3072 355 0
79258.20711919591 3097 356 0
79233.34816773684 3098 357 0
79169.91341043316 3121 358 0
79146.04390252399 3144 359 0
79126.49929131137 3146 360 0
79060.64602224536 3147 361 0
78853.96442206182 3148 362 0
78837.83178048556 3149 363 0
78832.79642098917 3151 364 0
78802.56034541932 3153 365 0
78795.93253190338 3154 366 0
78779.70542091246 3179 367 0
78779.61217003182 3204 368 0
78760.37697294413 3205 369 0
78673.40085259345 3205 370 0
78513.35007825766 3206 371 0
78488.35041162615 3206 372 0
78343.90662811797 3228 373 0
78290.82701281835 3228 374 0
78258.13541623075 3228 375 0
78192.70936131591 3252 376 0
78084.05768236444 3252 377 0
78063.78393534764 3253 378 0
78015.83252108442 3298 379 0
78012.67111377277 3299 380 0
77855.653293625 3299 381 0
77852.1775682532 3300 382 0
77823.11823944925 3301 383 0
77756.67839694586 3301 384 0
77738.26402841654 3302 385 0
77721.59344548044 3302 386 0
77629.89915355665 3303 387 0
77575.00306700366 3326 388 0
77417.78387454739 3349 389 0
77406.23884550108 3350 390 0
77405.36136160676 3350 391 0
77340.26653724852 3393 392 0
77277.69148930191 3393 393 0
77208.60053763172 3394 394 0
77102.45355552516 3395 395 0
77086.24946947065 3396 396 0
77040.67552323813 3418 397 0
77031.19790071296 3419 398 0
77015.34490221883 3419 399 0
76990.73164995035 3442 400 0
76967.52984241016 3443 401 0
76916.87529674255 3444 402 0
76885.77043344075 3445 403 0
76885.73318882674 3469 404 0
76804.12712723824 3493 405 0
76728.79954609527 3517 406 0
76726.92569224357 3517 407 0
76709.9205825061 3518 408 0
76560.48232949084 3519 409 0
76471.30650979636 3543 410 0
76408.81448693993 3543 411 0
76380.46367278996 3544 412 0
76222.5343855769 3545 413 0
76197.77097292006 3569 414 0
76052.66118510626 3616 415 0
