instance_name algorithm_name iter_idx best_objective running_time
L1-DU500-P10-0 local_search 7 77316.88489830859 0.721892
nb_riders nb_polygons
10 500
rider 0 = {2, 259, 3, 269, 279, 280, 281, 304, 50, 307, 59, 318, 319, 325, 70, 332, 333, 76, 95, 355, 362, 366, 368, 120, 377, 378, 125, 390, 150, 152, 172, 429, 436, 180, 188, 450, 194, 197, 458, 205, 462, 465, 466, 216, 475, 483, 494, 250, 252}
best_rider_2_centroid best_rider_2_obj best_rider_2_radius best_rider_2_act_1 best_rider_2_act_2 best_rider_2_act_3 best_rider_2_area
2 9059.533860199112 9059.533860199112 137.6040366032946 327.6367572783559 0.0 0.0
rider 1 = {256, 263, 267, 268, 272, 283, 291, 37, 294, 301, 311, 312, 64, 322, 327, 79, 336, 338, 348, 99, 356, 359, 367, 113, 372, 379, 381, 137, 401, 153, 409, 165, 423, 167, 426, 186, 445, 449, 206, 467, 469, 227, 228, 484, 493, 238, 240, 499, 249, 253}
best_rider_2_centroid best_rider_2_obj best_rider_2_radius best_rider_2_act_1 best_rider_2_act_2 best_rider_2_act_3 best_rider_2_area
272 7772.635701678491 7772.635701678491 137.75649734537186 332.3186118870339 0.0 0.0
rider 2 = {257, 271, 18, 276, 288, 289, 299, 46, 53, 309, 56, 58, 323, 73, 77, 85, 89, 90, 103, 104, 363, 111, 114, 117, 375, 130, 131, 133, 139, 398, 400, 149, 151, 160, 164, 170, 181, 441, 446, 191, 196, 455, 456, 200, 202, 461, 464, 215, 226, 229, 231, 488, 490, 496, 241, 255}
best_rider_2_centroid best_rider_2_obj best_rider_2_radius best_rider_2_act_1 best_rider_2_act_2 best_rider_2_act_3 best_rider_2_area
241 9412.024799273207 9412.024799273207 140.08327595661277 346.02912855946744 0.0 0.0
rider 3 = {5, 6, 12, 13, 15, 17, 21, 286, 290, 39, 295, 44, 302, 48, 329, 74, 331, 86, 92, 349, 93, 115, 126, 387, 135, 395, 399, 147, 148, 412, 162, 168, 425, 175, 176, 434, 179, 178, 185, 442, 193, 208, 468, 480, 232, 234, 236, 242, 245, 246, 254}
best_rider_2_centroid best_rider_2_obj best_rider_2_radius best_rider_2_act_1 best_rider_2_act_2 best_rider_2_act_3 best_rider_2_area
175 6962.368835545235 6962.368835545235 135.80134058899526 331.73764416959324 0.0 0.0
rider 4 = {258, 4, 11, 275, 29, 31, 32, 40, 297, 300, 303, 51, 52, 324, 71, 335, 82, 347, 96, 101, 361, 112, 121, 122, 383, 128, 132, 389, 145, 402, 404, 154, 161, 419, 420, 422, 427, 430, 174, 440, 184, 444, 195, 460, 209, 471, 218, 479, 486, 495, 244}
best_rider_2_centroid best_rider_2_obj best_rider_2_radius best_rider_2_act_1 best_rider_2_act_2 best_rider_2_act_3 best_rider_2_area
430 7556.012710306523 7556.012710306523 141.14074763581377 349.2088110291501 0.0 0.0
rider 5 = {7, 264, 14, 16, 20, 278, 24, 27, 30, 287, 33, 41, 49, 310, 313, 315, 66, 81, 342, 351, 357, 358, 360, 105, 106, 107, 116, 119, 380, 384, 392, 403, 155, 156, 414, 417, 424, 171, 187, 189, 451, 454, 201, 457, 470, 220, 478, 224, 225, 235, 237}
best_rider_2_centroid best_rider_2_obj best_rider_2_radius best_rider_2_act_1 best_rider_2_act_2 best_rider_2_act_3 best_rider_2_area
417 6816.595370079611 6816.595370079611 137.38922423753598 338.70343432761774 0.0 0.0
rider 6 = {261, 265, 22, 28, 284, 293, 316, 62, 326, 328, 72, 337, 339, 83, 344, 88, 346, 87, 345, 350, 352, 369, 129, 485, 140, 397, 143, 396, 405, 411, 157, 416, 163, 428, 433, 443, 447, 453, 199, 459, 223, 477, 222, 492, 230, 487}
best_rider_2_centroid best_rider_2_obj best_rider_2_radius best_rider_2_act_1 best_rider_2_act_2 best_rider_2_act_3 best_rider_2_area
129 7134.214589896256 7134.214589896256 131.66805600371316 331.954461510001 0.0 0.0
rider 7 = {262, 266, 273, 274, 25, 285, 34, 35, 43, 306, 54, 317, 61, 321, 67, 69, 80, 341, 94, 100, 98, 353, 108, 123, 127, 394, 407, 408, 413, 166, 431, 435, 190, 448, 198, 207, 463, 210, 212, 213, 214, 217, 221, 489, 498, 248}
best_rider_2_centroid best_rider_2_obj best_rider_2_radius best_rider_2_act_1 best_rider_2_act_2 best_rider_2_act_3 best_rider_2_area
317 7567.761057327427 7567.761057327427 137.2373908307336 320.017755608924 0.0 0.0
rider 8 = {0, 1, 8, 10, 277, 26, 292, 296, 42, 47, 305, 308, 55, 57, 63, 65, 68, 330, 334, 340, 84, 91, 354, 373, 374, 118, 382, 388, 138, 141, 142, 146, 158, 159, 415, 418, 421, 432, 177, 437, 438, 183, 203, 474, 219, 476, 481, 497, 243, 247, 251}
best_rider_2_centroid best_rider_2_obj best_rider_2_radius best_rider_2_act_1 best_rider_2_act_2 best_rider_2_act_3 best_rider_2_area
481 6859.11674751939 6859.11674751939 135.36840590903574 336.7678027833537 0.0 0.0
rider 9 = {260, 9, 270, 19, 23, 282, 36, 38, 298, 45, 314, 60, 320, 75, 78, 343, 97, 102, 364, 109, 365, 110, 370, 371, 376, 124, 385, 386, 391, 136, 393, 134, 144, 406, 410, 169, 173, 182, 439, 192, 452, 204, 211, 472, 473, 482, 233, 491, 239}
best_rider_2_centroid best_rider_2_obj best_rider_2_radius best_rider_2_act_1 best_rider_2_act_2 best_rider_2_act_3 best_rider_2_area
298 8176.621226483339 8176.621226483339 135.72603152073586 320.15199807617046 0.0 0.0
obj time iter vio 
154017.71846835897 0 0 35988.7807115044
147034.37902060937 0 1 35988.7807115044
143902.62739957767 0 2 32875.016426181806
143309.88907068636 0 3 30229.701171452456
130693.82918916427 0 4 21592.37002606985
127340.1240222273 0 5 18270.547851312436
119134.8489399876 1 6 16611.17167212935
119121.17991264003 1 7 16611.17167212935
115460.12883793387 1 8 12917.974187397043
115344.0044338929 1 9 12747.358543649747
112559.54931128607 1 10 9879.412200668363
105781.08120949677 25 11 9006.598542392405
102958.43786613848 25 12 8638.42547071628
102346.73304407939 25 13 8060.279045072072
97156.75730453792 25 14 2764.4968534446193
96743.25327216624 25 15 2332.7429548774053
96742.6921268215 50 16 2332.7429548773484
96716.90892980833 51 17 2356.016172831469
95897.96091414843 76 18 1496.0471519615107
95561.24132257867 102 19 1167.970454524788
95533.45966447874 205 20 1167.9704545248164
95529.7546271108 231 21 1167.970454524788
95333.89612487938 231 22 971.6394100255563
94810.87511809856 257 23 525.0385819995724
94749.56808279904 257 24 525.0385819995724
94703.945280431 257 25 525.0385819995724
94687.13068571311 257 26 525.0385819995724
94684.4857007663 284 27 525.0385819995724
94682.7303316975 284 28 525.0385819995724
94635.49034502184 284 29 525.0385819995724
94628.73849994954 336 30 525.0385819995724
94061.3819145684 336 31 0
94052.59578526973 337 32 0
94010.08638523344 391 33 0
93928.9057965445 392 34 0
93891.38769184977 447 35 0
93838.6313390259 448 36 0
93709.62010101754 448 37 0
93704.06548329342 475 38 0
93692.13939369023 475 39 0
93639.53950537887 475 40 0
93636.93172970955 476 41 0
93625.48589080093 476 42 0
93625.33773588452 476 43 0
93560.2485929558 501 44 0
93546.4794983376 502 45 0
93442.09557209375 502 46 0
93436.50032707007 502 47 0
93424.85758197754 502 48 0
93271.96511013797 527 49 0
93270.76955366587 527 50 0
93257.99624254223 553 51 0
93256.37920213354 578 52 0
93234.05165442974 605 53 0
93201.91935870307 630 54 0
93020.79428139425 631 55 0
92986.85162068375 658 56 0
92983.62259055125 684 57 0
92981.2590066907 684 58 0
92952.44215656137 710 59 0
92913.04603228818 784 60 0
92874.60902825059 886 61 0
92861.66288641091 911 62 0
92648.89993019986 912 63 0
92635.63942814997 964 64 0
92633.49891232615 965 65 0
92632.95927394301 965 66 0
92628.85739509853 991 67 0
92513.41750857214 991 68 0
92490.67793431478 991 69 0
92480.41907465195 1041 70 0
92459.48530156177 1041 71 0
92406.99519046955 1042 72 0
92357.8362526829 1042 73 0
92331.3947096917 1043 74 0
92319.08628510547 1068 75 0
92262.74028734377 1068 76 0
92248.38468776215 1092 77 0
92196.24870604365 1117 78 0
92115.26025578048 1117 79 0
92010.80528274413 1118 80 0
91977.55028931896 1143 81 0
91966.77815460811 1194 82 0
91915.02794177955 1195 83 0
91778.54611983591 1195 84 0
91751.69828704961 1196 85 0
91744.79378397293 1196 86 0
91726.47559577286 1196 87 0
91692.37146740778 1221 88 0
91644.3772808119 1245 89 0
91566.0322020936 1246 90 0
91529.48384490795 1269 91 0
91523.18335354868 1269 92 0
91504.20276889064 1270 93 0
91461.08365434901 1293 94 0
91456.4338470769 1316 95 0
91426.41226801898 1316 96 0
91421.12034319021 1317 97 0
91309.40198184525 1362 98 0
91287.98185825613 1362 99 0
91233.24274717005 1363 100 0
91151.47988186058 1363 101 0
91113.85012054203 1364 102 0
91063.44792797258 1386 103 0
91062.96791493754 1386 104 0
90926.69212687254 1408 105 0
90908.04757275934 1408 106 0
90859.71504792084 1429 107 0
90839.88603391974 1451 108 0
90815.6120750825 1451 109 0
90735.11494779267 1451 110 0
90720.5178067781 1473 111 0
90685.37253107066 1473 112 0
90672.78407740187 1473 113 0
90665.95381919676 1473 114 0
90593.72255260959 1474 115 0
90514.02186842002 1474 116 0
90486.1334736926 1474 117 0
90427.89792247422 1498 118 0
90410.32917329716 1498 119 0
90377.83918349264 1498 120 0
90359.53577511411 1498 121 0
90354.17706028846 1498 122 0
90210.22494317539 1498 123 0
90096.93699229573 1499 124 0
90087.74685773838 1499 125 0
90024.81105614113 1499 126 0
90003.47725031129 1499 127 0
89972.93906891748 1499 128 0
89925.57173018594 1571 129 0
89899.48021055857 1571 130 0
89888.1554302026 1572 131 0
89799.51287841413 1595 132 0
89755.34159415976 1618 133 0
89737.2509108595 1618 134 0
89728.47448140805 1618 135 0
89708.51815986309 1619 136 0
89707.33800792282 1642 137 0
89703.73280673077 1642 138 0
89546.0541130422 1666 139 0
89508.2300881938 1690 140 0
89376.27280941284 1716 141 0
89325.69145853019 1716 142 0
89306.52224699482 1766 143 0
89297.4623573876 1791 144 0
89221.46143699106 1792 145 0
89186.71280266118 1792 146 0
89139.32434541047 1792 147 0
89117.7654976648 1792 148 0
88985.78039444135 1816 149 0
88954.44480013715 1817 150 0
88939.63409556117 1817 151 0
88803.95455015948 1817 152 0
88793.8582572879 1817 153 0
88761.09934262473 1817 154 0
88738.02390211825 1817 155 0
88656.92247654019 1818 156 0
88616.94057847094 1818 157 0
88475.68076982869 1818 158 0
88418.1367250018 1819 159 0
88377.72482692951 1842 160 0
88272.91814259489 1910 161 0
88125.81974947856 1980 162 0
88124.89764447384 1980 163 0
88104.73917716465 1980 164 0
88039.13595437187 2004 165 0
87966.65851074553 2005 166 0
87959.07037216632 2029 167 0
87958.61237940693 2077 168 0
87913.10634478841 2077 169 0
87855.27754724822 2077 170 0
87852.5403787315 2101 171 0
87695.01927907037 2101 172 0
87441.50468443529 2101 173 0
87377.38451633479 2125 174 0
87300.27146600117 2126 175 0
87175.28239945401 2126 176 0
87106.12433812438 2127 177 0
87054.9680111375 2127 178 0
87014.86949797318 2127 179 0
86964.9981950015 2149 180 0
86950.68811623452 2149 181 0
86869.1991673054 2149 182 0
86821.72234232671 2170 183 0
86710.52379963617 2170 184 0
86665.12187512699 2171 185 0
86624.28548744888 2171 186 0
86609.6883464343 2193 187 0
86582.71987580764 2194 188 0
86581.03988720555 2195 189 0
86529.16207862008 2195 190 0
86383.46126742002 2196 191 0
86303.87646375675 2196 192 0
86276.00962757041 2218 193 0
86056.23530189086 2218 194 0
86049.6927368249 2285 195 0
86003.14879073852 2285 196 0
86001.46270039884 2285 197 0
85825.91802499983 2285 198 0
85783.95403972079 2285 199 0
85762.57919963924 2286 200 0
85705.02968004494 2286 201 0
85686.75110390996 2286 202 0
85603.38924865758 2396 203 0
85530.84850459147 2397 204 0
85529.91916067274 2420 205 0
85515.9043895535 2420 206 0
85515.09551105085 2420 207 0
85455.85792070915 2420 208 0
85446.59764406073 2421 209 0
85416.61834523166 2421 210 0
85377.20410095077 2444 211 0
85266.58350395484 2490 212 0
85254.00248041417 2514 213 0
85169.67340357498 2537 214 0
85162.04896551844 2560 215 0
85099.82958905291 2561 216 0
85003.86789766182 2561 217 0
84983.97176644803 2583 218 0
84978.19775378883 2584 219 0
84976.37575805552 2584 220 0
84933.29025478175 2585 221 0
84910.54750800678 2585 222 0
84906.16783901709 2608 223 0
84888.03060921964 2630 224 0
84884.70050747792 2630 225 0
84777.88930738167 2631 226 0
84740.86751679415 2631 227 0
84739.01727223744 2632 228 0
84730.25984724854 2679 229 0
84580.46147927134 2679 230 0
84561.76871675058 2680 231 0
84560.79396699273 2681 232 0
84397.12886899649 2703 233 0
84388.93046424698 2704 234 0
84376.88877468964 2704 235 0
84369.84231077727 2749 236 0
84331.07738246342 2796 237 0
84330.87979219947 2796 238 0
84276.0793445596 2796 239 0
84224.6310551528 2821 240 0
84179.67231970996 2892 241 0
84156.29141436817 2892 242 0
84131.47295714886 2893 243 0
84063.6766147787 2917 244 0
83961.23181785378 2940 245 0
83954.85691941473 2941 246 0
83929.68659497079 2941 247 0
83889.18813798422 2941 248 0
83872.3678012125 2941 249 0
83813.74583977206 2941 250 0
83634.2020174116 2942 251 0
83622.6675769736 2942 252 0
83603.59696053094 2964 253 0
83520.32897894637 2965 254 0
83479.6753342988 2966 255 0
83471.24106981339 3009 256 0
83421.89607527274 3009 257 0
83409.15369668993 3009 258 0
83330.86425276051 3032 259 0
83264.45563818219 3032 260 0
83190.37386683181 3032 261 0
83171.23276146349 3032 262 0
83163.51231533565 3033 263 0
82975.11265908822 3034 264 0
82894.11656749602 3034 265 0
82877.67648433014 3034 266 0
82846.33135668548 3034 267 0
82606.34767078976 3035 268 0
82584.58977393476 3036 269 0
82562.39683616729 3036 270 0
82478.7183202059 3036 271 0
82399.13405568554 3059 272 0
82397.2650138148 3060 273 0
82196.47402477538 3060 274 0
82192.4162422597 3060 275 0
82136.23966570439 3061 276 0
82116.36840467069 3061 277 0
82076.1092201415 3061 278 0
81985.78105370709 3061 279 0
81943.42569562532 3062 280 0
81925.74248995232 3062 281 0
81886.02286180254 3062 282 0
81863.76786959445 3085 283 0
81803.9200927119 3086 284 0
81799.33616645398 3086 285 0
81772.95590910577 3086 286 0
81746.60669734367 3087 287 0
81739.16133612873 3088 288 0
81675.9803595254 3089 289 0
81598.98175114821 3089 290 0
81533.71284462573 3089 291 0
81529.85190893822 3090 292 0
81506.06692287099 3090 293 0
81486.16302013013 3090 294 0
81401.84303247441 3091 295 0
81294.94146696207 3091 296 0
81267.48357080822 3091 297 0
81242.56556732851 3091 298 0
81135.30576540597 3092 299 0
81088.92944895728 3092 300 0
81066.04032169543 3092 301 0
81026.49066188859 3092 302 0
81010.91309649448 3092 303 0
80778.26827239328 3093 304 0
80771.75837306766 3093 305 0
80770.21157937747 3145 306 0
80765.94282723531 3145 307 0
80679.59497458694 3146 308 0
80642.44249018369 3146 309 0
80629.71179282636 3171 310 0
80522.47840115093 3171 311 0
80489.44937749376 3172 312 0
80466.41470350782 3172 313 0
80346.76671742994 3222 314 0
80284.78798486176 3222 315 0
80283.11116424527 3223 316 0
80267.48726367006 3223 317 0
80189.55039897925 3224 318 0
80189.13560100234 3274 319 0
80159.35991657383 3274 320 0
80155.59882116142 3274 321 0
79984.13168318829 3326 322 0
79862.09781456794 3327 323 0
79839.29220856952 3328 324 0
79817.55454980762 3328 325 0
79795.80042771931 3328 326 0
79793.63329652198 3401 327 0
79701.27067509732 3401 328 0
79531.82552702933 3426 329 0
79513.6201691546 3426 330 0
79503.24026109479 3426 331 0
79502.10596137258 3427 332 0
79480.4037610174 3427 333 0
79472.5421385859 3427 334 0
79461.02097745996 3427 335 0
79412.48568982238 3427 336 0
79275.89506665905 3475 337 0
79263.50234810737 3476 338 0
79170.8539831279 3499 339 0
79160.47621786187 3500 340 0
79134.33432709429 3500 341 0
78970.17763804586 3500 342 0
78914.81063062784 3524 343 0
78837.4549939462 3525 344 0
78786.65889827305 3526 345 0
78695.27544837403 3526 346 0
78652.35310002348 3526 347 0
78458.35217420415 3526 348 0
78445.29456664567 3526 349 0
78369.1038730327 3526 350 0
78285.30523810009 3527 351 0
78185.85896174578 3527 352 0
78185.55781234696 3528 353 0
78099.7859337758 3528 354 0
78061.75155176932 3529 355 0
78044.08535012478 3529 356 0
77984.03522495212 3531 357 0
77908.1445342915 3532 358 0
77902.61362322578 3556 359 0
77900.633432062 3556 360 0
77884.89479654256 3557 361 0
77820.05118762555 3557 362 0
77718.09443963617 3558 363 0
77715.30597995107 3558 364 0
77552.09936947972 3558 365 0
77431.62700347447 3559 366 0
77334.12736338798 3559 367 0
77329.08186639177 3559 368 0
77316.88489830859 3607 369 0
