instance_name algorithm_name iter_idx best_objective running_time
L1-DU30-P3-0 local_search 12 3165.0449393963036 0.999401
nb_riders nb_polygons
3 30
rider 0 = {7, 27, 9, 13, 11, 15, 22, 28, 1, 29}
best_rider_2_centroid best_rider_2_obj best_rider_2_radius best_rider_2_act_1 best_rider_2_act_2 best_rider_2_act_3 best_rider_2_area
28 902.7749378816576 902.7749378816576 27.250870394122632 67.7070436654365 0.0 0 0.0
rider 1 = {14, 10, 20, 4, 23, 24, 19, 6}
best_rider_2_centroid best_rider_2_obj best_rider_2_radius best_rider_2_act_1 best_rider_2_act_2 best_rider_2_act_3 best_rider_2_area
20 887.0602850152286 887.0602850152286 25.038854294702126 64.49787707347016 0.0 0 0.0
rider 2 = {18, 8, 2, 12, 21, 5, 26, 3, 16, 17, 25, 0}
best_rider_2_centroid best_rider_2_obj best_rider_2_radius best_rider_2_act_1 best_rider_2_act_2 best_rider_2_act_3 best_rider_2_area
16 1375.2097164994175 1375.2097164994175 26.224067600516683 63.89370631717011 0.0 0 0.0
obj time iter vio 
22313.197734236062 0 0 27182.02090257057
18087.404545212477 0 1 22710.77745878802
11801.616513657527 0 2 9594.761027578175
7360.460225513676 0 3 2256.8829571204114
6164.4557438494285 0 4 1433.1207217031524
6120.086818889986 0 5 1438.837050114873
5943.523670665559 0 6 1128.2246330100825
5626.260005861928 0 7 774.3397000411792
5096.335212627771 0 8 0
4996.256473020145 0 9 0
4995.87658283732 1 10 0
4854.108401838015 1 11 0
4706.302143685485 1 12 0
4696.956327141585 1 13 0
4546.610022493836 1 14 0
4443.424588097248 1 15 0
4361.441584482187 2 16 0
4126.9421809819105 2 17 0
4035.6178432286374 2 18 0
3983.7042106704466 2 19 0
3880.688039821183 2 20 0
3779.6862422741324 3 21 0
3749.5695046528676 3 22 0
3667.6128643324837 3 23 0
3442.4417739035334 3 24 0
3278.7549851395756 3 25 0
3165.0449393963036 3 26 0
